4.40000000000000e+01
4.50000000000000e+01
4.60000000000000e+01
4.90000000000000e+01
5.00000000000000e+01
5.10000000000000e+01
5.40000000000000e+01
5.50000000000000e+01
5.60000000000000e+01
5.90000000000000e+01
6.00000000000000e+01
6.10000000000000e+01
8.20000000000000e+01
8.30000000000000e+01
8.40000000000000e+01
8.70000000000000e+01
8.80000000000000e+01
8.90000000000000e+01
9.20000000000000e+01
9.30000000000000e+01
9.40000000000000e+01
9.70000000000000e+01
9.80000000000000e+01
9.90000000000000e+01
1.78000000000000e+02
2.28000000000000e+02
2.32000000000000e+02
2.52000000000000e+02
