5.70187105874136e+00
5.54855626562512e+00
6.78318474386157e+00
6.59365771501743e+00
7.36139555364494e+00
6.19384784488385e+00
6.16365444293338e+00
6.90797035842860e+00
6.90101413117864e+00
6.79942806850108e+00
6.37231546297702e+00
6.32052536794265e+00
6.93604137527875e+00
6.75945138356641e+00
6.98525747752382e+00
6.06854019345908e+00
6.35462284426260e+00
7.40334210553913e+00
6.99934486418997e+00
6.84695693926996e+00
5.70610122861524e+00
5.77957788461301e+00
6.84358675709893e+00
7.84202087260046e+00
5.52756014707380e+00
5.34625918381028e+00
7.86205177426220e+00
6.84348015295304e+00
7.85288057178107e+00
6.47756875722775e+00
5.96722067189433e+00
7.85400161270413e+00
7.04568438546933e+00
7.78720901443682e+00
6.06141341631563e+00
6.45185470094368e+00
7.93271093735305e+00
6.92942041747286e+00
7.95347085146058e+00
5.73104184380858e+00
5.71713109906505e+00
8.22532544008839e+00
7.01301425674422e+00
8.45716647066035e+00
7.24635843347668e+00
7.74300176679442e+00
7.44690317613385e+00
7.28102694887821e+00
8.06139234212827e+00
6.92917542635806e+00
8.80614075297093e+00
6.54503812120015e+00
6.30474039695452e+00
6.08227553909298e+00
6.40132286564577e+00
7.78114010498932e+00
6.86637423914649e+00
6.86590666551239e+00
6.71804838899453e+00
6.59294261405806e+00
7.71722029297869e+00
6.66389278946168e+00
6.94772432409035e+00
6.68095518152823e+00
6.75937756033056e+00
7.83374430751897e+00
6.20180965893994e+00
6.13865512692522e+00
6.62273555967790e+00
6.91778772384270e+00
7.80878468202416e+00
7.24615095618313e+00
7.44856706462629e+00
7.11991182543856e+00
7.45501304876611e+00
7.37547005627123e+00
5.26074224940661e+00
5.40950807235877e+00
7.48299109273857e+00
5.80377997829309e+00
8.38752399323621e+00
6.34980017050917e+00
6.04158319465949e+00
8.06417265877259e+00
5.57714452565972e+00
8.15395144156251e+00
6.04481824176588e+00
6.32555561899943e+00
8.53505418529011e+00
6.02545789783940e+00
7.51696730761116e+00
5.47264526514040e+00
5.52214838620164e+00
6.44593086775319e+00
8.75949733309717e+00
4.14191305267419e+00
9.01442158566706e-01
9.66860359979623e+00
6.89236159169523e+00
9.32478634610436e+00
3.85860167762452e+00
2.96386874387929e+00
9.46539251653986e+00
6.89270813048953e+00
9.60423523378524e+00
2.22819213577386e+00
4.16568648400426e+00
9.24039905225858e+00
6.54263164006130e+00
1.15561084144996e+01
8.95798039967206e+00
8.96519613319268e+00
1.26811670331725e+01
1.13916230851341e+01
1.14786784338100e+01
1.00113046745818e+01
9.36691078730990e+00
1.12991823246735e+01
1.24180883756848e+01
1.07194967342105e+01
1.15369675706364e+01
8.52248609809463e+00
9.63811042223463e+00
1.21037138225265e+01
8.62956189152757e+00
8.07319275086291e+00
7.99699721002340e+00
9.28866806165891e+00
1.09828377781691e+01
9.05260902267627e+00
8.61024724178705e+00
8.44392565643752e+00
9.51964563964965e+00
1.10291082804242e+01
8.74290671456767e+00
8.14898952190567e+00
8.40202410080287e+00
8.96866053390167e+00
1.22148873595932e+01
1.01454711323349e+01
1.07151376360151e+01
1.36889552794526e+01
1.17086386239424e+01
1.19752607565591e+01
1.05614449657099e+01
1.30385802621487e+01
1.30015857816759e+01
1.21993904775371e+01
1.02247841647407e+01
1.07044766976845e+01
1.30666531205483e+01
3.86449505655148e-01
1.20647390522516e+00
9.94387919188551e+00
1.08093178356768e+01
1.35075916644164e+00
4.77557221473476e-01
1.09296441553292e+01
-4.78417191460173e-03
9.75383551389691e+00
1.41653576571746e+00
6.92148468558493e-01
4.93822675824032e+00
1.05485090922538e+01
2.56109898792050e+01
3.69837807435882e+01
1.14549840264142e+01
5.29717363343793e+00
1.13343841905077e+01
3.11759339384001e+01
2.77314777363066e+01
1.10685748836814e+01
5.15178275478475e+00
1.33328319983510e+01
1.07953184587124e+01
1.05681970175942e+01
1.37282937282418e+01
1.43798515661086e+01
1.34282942753459e+01
1.22493205134410e+01
1.02225998225371e+01
1.20899778330940e+01
1.40015425474543e+01
1.05188120457223e+01
1.02658666035892e+01
1.01707031808600e+01
1.22860172966561e+01
1.37798552851277e+01
1.11663655643789e+01
1.00174660777930e+01
1.06510289908677e+01
1.13795352509949e+01
1.34857026277931e+01
1.17388307734644e+01
1.32411060953327e+01
1.78033766152692e+01
1.55885983581093e+01
1.23769085595467e+01
1.22812311938918e+01
1.41514124939428e+01
4.17244508395965e+01
4.16589036213349e+01
1.26912432952867e+01
1.22157209308343e+01
3.99153144362156e+01
4.32950365032279e+01
1.26493624498822e+01
1.74235790283696e+01
1.89172533734439e+01
1.31312056180645e+01
-2.58506038641875e+00
1.47443564150412e+01
1.28477702983863e+01
1.14300519895290e+01
1.46564390126264e+01
1.53055460766127e+01
1.23363394060571e+01
1.13702399159920e+01
1.20960201333924e+01
1.36558500552777e+01
1.36432140926363e+01
1.36528120272085e+01
1.44123491382061e+01
2.25287451423591e+01
2.23004389489731e+01
