5.74429352988504e+00
5.54531979845338e+00
6.78629342115107e+00
6.59587450009667e+00
7.35482161309485e+00
6.11783710884024e+00
6.11309113839291e+00
6.78485873089982e+00
6.85330561739120e+00
6.66311180469662e+00
6.40759511728137e+00
6.33546957601567e+00
6.93998811251043e+00
6.84483560182203e+00
7.04068910137779e+00
6.07545791396116e+00
6.40950737607948e+00
7.39374385117012e+00
6.99475006065111e+00
6.84817967344912e+00
5.74990597387513e+00
5.70913887426445e+00
6.86060444257123e+00
7.87000337324992e+00
5.43638195922364e+00
5.35534030269917e+00
7.89230777558853e+00
6.85924515105819e+00
7.82537390237938e+00
6.50934316982415e+00
6.02608814652030e+00
7.86750096333615e+00
7.08232212546608e+00
7.79020437504098e+00
6.12980340261760e+00
6.54069415814904e+00
7.97424026934554e+00
6.98384161503695e+00
7.93093104790591e+00
5.66254904734010e+00
5.79507319554473e+00
8.22276002648812e+00
6.97439865698820e+00
8.63730436141079e+00
7.23080477352898e+00
7.77025425368372e+00
7.36691013101248e+00
7.31931655252643e+00
8.01120048629078e+00
6.84176722768473e+00
8.64072938992121e+00
6.68541407146366e+00
6.18268386864580e+00
5.94386740204168e+00
6.40666673259039e+00
7.79335139839492e+00
6.85149773001210e+00
6.83102340566544e+00
6.72831835355821e+00
6.62077878263252e+00
7.70885577446673e+00
6.71029150034753e+00
7.04027115296652e+00
6.77803010399508e+00
6.81431064809488e+00
7.80019587468202e+00
6.13673828205850e+00
6.09311610393025e+00
6.64648389820576e+00
6.87606724771432e+00
7.80168242819426e+00
7.28134600539702e+00
7.39023911243465e+00
7.08694937245492e+00
7.42331113875724e+00
7.25684303459079e+00
5.36205129266972e+00
5.49578140229527e+00
7.50278031206196e+00
5.75201050151730e+00
8.39235334764225e+00
6.26805149378625e+00
6.21565979773572e+00
8.04876736407743e+00
5.70811123805083e+00
8.22559717250761e+00
5.94032353890843e+00
6.33141816987965e+00
8.55003864069083e+00
6.10090911447269e+00
7.49646967093076e+00
5.45920452523409e+00
5.46271607905772e+00
6.54042619384542e+00
8.75648486823309e+00
3.99237884635143e+00
9.71417387037822e-01
9.66744322435700e+00
6.92490037312575e+00
9.34772085293644e+00
4.16837541452489e+00
3.14314412464074e+00
9.45518762039636e+00
6.90047215303610e+00
9.56693669124737e+00
2.11315554300267e+00
4.20046957609298e+00
9.23123775033701e+00
6.56694999546774e+00
1.16364146597322e+01
8.89885536407819e+00
8.89513560686273e+00
1.25471937315259e+01
1.13519206048927e+01
1.15193614510907e+01
1.01226635106230e+01
9.33734343962016e+00
1.13138937974621e+01
1.23256316988308e+01
1.07896788714326e+01
1.13364361996832e+01
8.70155441641302e+00
9.57247397093852e+00
1.20590691664031e+01
8.67632890700670e+00
8.07412622869589e+00
7.98276905748224e+00
9.31083487300976e+00
1.09796132009018e+01
9.08214326903351e+00
8.69467046964438e+00
8.48752291655835e+00
9.51630080267341e+00
1.10144799610218e+01
8.79802171324496e+00
8.09055257520111e+00
8.37475559662583e+00
8.94060005126935e+00
1.23607276862065e+01
1.02394929932975e+01
1.06989419420829e+01
1.36514376186542e+01
1.17100193941425e+01
1.20207322354199e+01
1.05370148669265e+01
1.29154805822437e+01
1.29355201565827e+01
1.21825614491547e+01
1.02138167422978e+01
1.07492268079176e+01
1.29519363723738e+01
2.12199189817340e-01
1.30266094667969e+00
9.93457312365750e+00
1.08579606128247e+01
1.48708202060287e+00
8.77115044591571e-01
1.08810060714043e+01
7.92218990864942e-02
9.75630030457506e+00
1.37140653604931e+00
5.97742265824630e-01
5.09563329383470e+00
1.05388287325320e+01
2.53067300936704e+01
3.65989229723890e+01
1.14655156305455e+01
5.25086837991471e+00
1.13827680105359e+01
3.05486072827119e+01
2.78789584665598e+01
1.10367329521364e+01
5.12871915366716e+00
1.34205021153426e+01
1.08083882603082e+01
1.05588858287736e+01
1.38533201412667e+01
1.42867354559046e+01
1.34251677764095e+01
1.23864519664112e+01
1.02091797467209e+01
1.20141867445993e+01
1.39458740907944e+01
1.06627277614390e+01
1.02826143680329e+01
1.02146277186877e+01
1.22173649783230e+01
1.37724776908464e+01
1.11238189559185e+01
1.00698609481313e+01
1.05739161054630e+01
1.13493422841704e+01
1.35589305655433e+01
1.17753497746458e+01
1.31525377645435e+01
1.77569936875728e+01
1.55702507606587e+01
1.23516695977445e+01
1.22961303103292e+01
1.40647418415353e+01
4.18392118782586e+01
4.11418683542083e+01
1.26825356976363e+01
1.22367289931634e+01
4.00055163191420e+01
4.27913641226855e+01
1.26326697606746e+01
1.73993668269423e+01
1.89926101651185e+01
1.30972431066063e+01
-2.70026860087758e+00
1.48226652811022e+01
1.28318685348941e+01
1.14465527075893e+01
1.45945421465117e+01
1.52698556786688e+01
1.23890807330290e+01
1.13730805192955e+01
1.20396057633135e+01
1.36056702494000e+01
1.37155699933830e+01
1.36296220093285e+01
1.43416933276013e+01
2.26531210803759e+01
2.22480808426625e+01
