25
# x y z 
-10	-10	0
-5	-10	0
0	-10	0
5	-10	0
10	-10	0
-10	-5	0
-5	-5	0
0	-5	0
5	-5	0
10	-5	0
-10	0	0
-5	0	0
0	0	0
5	0	0
10	0	0
-10	5	0
-5	5	0
0	5	0
5	5	0
10	5	0
-10	10	0
-5	10	0
0	10	0
5	10	0
10	10	0
225
# a b m n r k err rhoa 
1	2	3	4	-5.57867057738168e-02	-9.42477796076938e+01	2.79254176443834e-02	5.25777315080994e+00
2	3	4	5	-5.50756010882868e-02	-9.42477796076938e+01	2.81568603926263e-02	5.19075311313012e+00
3	4	5	6	-1.48350857546064e-01	-4.97886403592180e+01	1.67407766732288e-02	7.38618749334256e+00
4	5	6	7	-1.10528138370996e-02	-5.48331366978825e+02	1.00474698546304e-01	6.06060452025930e+00
5	6	7	8	-1.47024940479743e-01	-4.97886403592180e+01	1.68015671132870e-02	7.32017188538136e+00
6	7	8	9	-5.52083080335307e-02	-9.42477796076938e+01	2.81132158477425e-02	5.20326044805787e+00
7	8	9	10	-5.44929490432353e-02	-9.42477796076938e+01	2.83509980200666e-02	5.13583945160013e+00
8	9	10	11	-1.45772319926005e-01	-4.97886403592180e+01	1.68600129332346e-02	7.25780561112473e+00
9	10	11	12	-1.04518345331610e-02	-5.48331366978825e+02	1.05676983483355e-01	5.73106871700466e+00
10	11	12	13	-1.44688683351423e-01	-4.97886403592180e+01	1.69113905582455e-02	7.20385281943278e+00
11	12	13	14	-5.47277389762505e-02	-9.42477796076938e+01	2.82722695785762e-02	5.15796788146105e+00
12	13	14	15	-5.43662704482592e-02	-9.42477796076938e+01	2.83937575955612e-02	5.12390027529981e+00
13	14	15	16	-1.46537113725398e-01	-4.97886403592180e+01	1.68242097484869e-02	7.29588365455167e+00
14	15	16	17	-1.09914281820813e-02	-5.48331366978825e+02	1.00979987626198e-01	6.02694484013022e+00
15	16	17	18	-1.45708236503218e-01	-4.97886403592180e+01	1.68630300111958e-02	7.25461498463461e+00
16	17	18	19	-5.63022562226292e-02	-9.42477796076938e+01	2.77612775595674e-02	5.30636263588626e+00
17	18	19	20	-5.52243178986733e-02	-9.42477796076938e+01	2.81079647164646e-02	5.20476934229938e+00
18	19	20	21	-1.49042585492218e-01	-4.97886403592180e+01	1.67094917650379e-02	7.42062768728005e+00
19	20	21	22	-1.18279527077560e-02	-5.48331366978825e+02	9.45454851492824e-02	6.48563747680475e+00
20	21	22	23	-1.50037199021052e-01	-4.97886403592180e+01	1.66650137867456e-02	7.47014814256358e+00
21	22	23	24	-5.66618723418379e-02	-9.42477796076938e+01	2.76485519921943e-02	5.34025565663282e+00
22	23	24	25	-5.60413306338780e-02	-9.42477796076938e+01	2.78439731656814e-02	5.28177097850363e+00
1	2	4	5	-1.68427350632502e-02	-3.76991118430775e+02	6.93727797916823e-02	6.34956152892792e+00
2	3	5	6	-1.13274877869968e-01	-7.36495156836297e+01	1.88280827912075e-02	8.34263989424545e+00
3	4	6	7	-2.09138980739357e-02	-2.43709338715399e+02	5.78150938894680e-02	5.09691226956012e+00
4	5	7	8	-2.00956406036787e-02	-2.43709338715399e+02	5.97620364397311e-02	4.89749528258486e+00
5	6	8	9	-1.11322930985269e-01	-7.36495156836297e+01	1.89828752364805e-02	8.19887995154720e+00
6	7	9	10	-1.58118099877248e-02	-3.76991118430775e+02	7.32438665008200e-02	5.96091193168727e+00
7	8	10	11	-1.10143282170143e-01	-7.36495156836297e+01	1.90790829935071e-02	8.11199938763640e+00
8	9	11	12	-2.04839290640240e-02	-2.43709338715399e+02	5.88187591782039e-02	4.99212480648643e+00
9	10	12	13	-1.97383259747544e-02	-2.43709338715399e+02	6.06628576951771e-02	4.81041437065638e+00
10	11	13	14	-1.10491504799852e-01	-7.36495156836297e+01	1.90504695524912e-02	8.13764581566455e+00
11	12	14	15	-1.57345600409986e-02	-3.76991118430775e+02	7.35543667820619e-02	5.93178938787224e+00
12	13	15	16	-1.09671130289556e-01	-7.36495156836297e+01	1.91181699081589e-02	8.07722563030205e+00
13	14	16	17	-2.07586308880077e-02	-2.43709338715399e+02	5.81727338086493e-02	5.05907220635341e+00
14	15	17	18	-2.03697143548520e-02	-2.43709338715399e+02	5.90924900850072e-02	4.96428961524255e+00
15	16	18	19	-1.12458676309143e-01	-7.36495156836297e+01	1.88921551704117e-02	8.28252704459047e+00
16	17	19	20	-1.67786887742722e-02	-3.76991118430775e+02	6.95994128893649e-02	6.32541664681477e+00
17	18	20	21	-1.12063170070331e-01	-7.36495156836297e+01	1.89235383879681e-02	8.25339820165211e+00
18	19	21	22	-2.16381122066054e-02	-2.43709338715399e+02	5.62147524909651e-02	5.27341001692140e+00
19	20	22	23	-2.07175486483350e-02	-2.43709338715399e+02	5.82682588067854e-02	5.04906008088983e+00
20	21	23	24	-1.15241963403466e-01	-7.36495156836297e+01	1.86773946786985e-02	8.48751479109585e+00
21	22	24	25	-1.79728547307150e-02	-3.76991118430775e+02	6.56394637904147e-02	6.77560660632609e+00
1	2	5	6	-9.15426267605998e-02	-8.35026830420010e+01	2.09238726851828e-02	7.64405494722257e+00
5	6	9	10	-9.14657951314170e-02	-8.35026830420010e+01	2.09330487813856e-02	7.63763930004332e+00
6	7	10	11	-8.88866789962699e-02	-8.35026830420010e+01	2.12502796964882e-02	7.42227618288161e+00
10	11	14	15	-9.06329529779606e-02	-8.35026830420010e+01	2.10335144905096e-02	7.56809474567923e+00
11	12	15	16	-8.85797175653009e-02	-8.35026830420010e+01	2.12892660699985e-02	7.39664407980529e+00
15	16	19	20	-9.13526965125569e-02	-8.35026830420010e+01	2.09465843721706e-02	7.62819526192015e+00
16	17	20	21	-8.93225269974575e-02	-8.35026830420010e+01	2.11953841165786e-02	7.45867066037927e+00
20	21	24	25	-9.23301081370813e-02	-8.35026830420010e+01	2.08307032253803e-02	7.70981175500438e+00
1	2	6	7	1.15081522700867e-01	5.36303412266898e+01	1.86894922532379e-02	6.17186133133454e+00
2	3	7	8	1.14490975979367e-01	5.36303412266898e+01	1.87343128263682e-02	6.14019010915019e+00
3	4	8	9	1.14453544582255e-01	5.36303412266898e+01	1.87371693349464e-02	6.13818265055049e+00
4	5	9	10	1.14997002760037e-01	5.36303412266898e+01	1.86958788142217e-02	6.16732849806737e+00
5	6	10	11	3.85569758863997e-01	2.05818045373816e+01	1.25935643992057e-02	7.93572141246415e+00
6	7	11	12	1.13464304101044e-01	5.36303412266898e+01	1.88133444956351e-02	6.08512934598788e+00
7	8	12	13	1.12632343507931e-01	5.36303412266898e+01	1.88784444046446e-02	6.04051101549208e+00
8	9	13	14	1.12847453142897e-01	5.36303412266898e+01	1.88615203280992e-02	6.05204741861645e+00
9	10	14	15	1.14041268117422e-01	5.36303412266898e+01	1.87687555260290e-02	6.11607212306176e+00
10	11	15	16	3.83149916237942e-01	2.05818045373816e+01	1.26099444567776e-02	7.88591668452346e+00
11	12	16	17	1.14008851782807e-01	5.36303412266898e+01	1.87712487615002e-02	6.11433362397504e+00
12	13	17	18	1.13072143017948e-01	5.36303412266898e+01	1.88439112703583e-02	6.06409761328562e+00
13	14	18	19	1.14279456265056e-01	5.36303412266898e+01	1.87504791559441e-02	6.12884623469552e+00
14	15	19	20	1.14284195841994e-01	5.36303412266898e+01	1.87501162573920e-02	6.12910041982398e+00
15	16	20	21	3.89198345517534e-01	2.05818045373816e+01	1.25693839953771e-02	8.01040427371420e+00
16	17	21	22	1.15883171565042e-01	5.36303412266898e+01	1.86293806641176e-02	6.21485403346424e+00
17	18	22	23	1.15239246680975e-01	5.36303412266898e+01	1.86775992450590e-02	6.18032012220737e+00
18	19	23	24	1.15677404109506e-01	5.36303412266898e+01	1.86447306429296e-02	6.20381865461049e+00
19	20	24	25	1.15307186237125e-01	5.36303412266898e+01	1.86724863612883e-02	6.18396374378648e+00
4	5	10	11	-8.30651089024847e-02	-9.06307466119545e+01	2.20387490393104e-02	7.52825283723549e+00
5	6	11	12	-8.10727303904794e-02	-9.06307466119545e+01	2.23346036969964e-02	7.34768208515884e+00
9	10	15	16	-8.31070829472043e-02	-9.06307466119545e+01	2.20326687514140e-02	7.53205697624676e+00
10	11	16	17	-8.05208663034269e-02	-9.06307466119545e+01	2.24191410985532e-02	7.29766623092095e+00
14	15	20	21	-8.32383212913974e-02	-9.06307466119545e+01	2.20136973509982e-02	7.54395120536509e+00
15	16	21	22	-8.08735529449362e-02	-9.06307466119545e+01	2.23649816730676e-02	7.32963048456100e+00
1	2	8	9	-2.08347008403200e-02	-2.43709338715399e+02	5.79968494707045e-02	5.07761116412755e+00
2	3	9	10	-2.01549768827941e-02	-2.43709338715399e+02	5.96155369373646e-02	4.91195608792990e+00
3	4	10	11	-8.96723184360879e-02	-9.34729417791302e+01	2.11517134545008e-02	8.38193540037606e+00
4	5	11	12	-3.47739513802221e-03	-1.39875055925275e+03	2.97571575937947e-01	4.86400839405136e+00
5	6	12	13	-8.89477899133576e-02	-9.34729417791302e+01	2.12425502755502e-02	8.31421158795357e+00
6	7	13	14	-2.03694636799196e-02	-2.43709338715399e+02	5.90930942372238e-02	4.96422852342054e+00
7	8	14	15	-1.98246177243213e-02	-2.43709338715399e+02	6.04423345713838e-02	4.83144447587992e+00
8	9	15	16	-8.87418721654330e-02	-9.34729417791302e+01	2.12686376295487e-02	8.29496385029053e+00
9	10	16	17	-3.45886819880449e-03	-1.39875055925275e+03	2.99111912487916e-01	4.83809382745933e+00
10	11	17	18	-8.81686907976194e-02	-9.34729417791302e+01	2.13418946221554e-02	8.24138690166801e+00
11	12	18	19	-2.10154558044185e-02	-2.43709338715399e+02	5.75840262189198e-02	5.12166283689752e+00
12	13	19	20	-2.01837168703193e-02	-2.43709338715399e+02	5.95448884080675e-02	4.91896029128436e+00
13	14	20	21	-9.05240891065392e-02	-9.34729417791302e+01	2.10467833465088e-02	8.46155291066433e+00
14	15	21	22	-3.87259847297171e-03	-1.39875055925275e+03	2.68224550512884e-01	5.41679927983052e+00
15	16	22	23	-9.04285646752875e-02	-9.34729417791302e+01	2.10584526426005e-02	8.45262396106345e+00
16	17	23	24	-2.15775333892885e-02	-2.43709338715399e+02	5.63445001779684e-02	5.25864639341294e+00
17	18	24	25	-2.09671115057705e-02	-2.43709338715399e+02	5.76937416832444e-02	5.10988087984336e+00
1	2	9	10	-1.09502001310067e-02	-5.48331366978825e+02	1.01322531829203e-01	6.00433820652662e+00
2	3	10	11	-6.83631391615067e-02	-1.39846343699018e+02	2.46277659607982e-02	9.56033505552385e+00
3	4	11	12	-8.60022664707125e-04	-1.79962674780121e+03	1.17276005393479e+00	1.54771979112222e+00
4	5	12	13	-2.81165513205395e-04	-1.79962674780121e+03	3.56662395647181e+00	5.05992978123684e-01
5	6	13	14	-6.77451916121460e-02	-1.39846343699018e+02	2.47611952406185e-02	9.47391735014799e+00
6	7	14	15	-1.05164646939331e-02	-5.48331366978825e+02	1.05088989418364e-01	5.76650746140889e+00
7	8	15	16	-6.68441277395962e-02	-1.39846343699018e+02	2.49601772633744e-02	9.34790686213262e+00
8	9	16	17	-8.12070127343231e-04	-1.79962674780121e+03	1.24142074351583e+00	1.46142312225722e+00
9	10	17	18	-4.81725391779222e-04	-1.79962674780121e+03	2.08587147587667e+00	8.66925900140906e-01
10	11	18	19	-6.82584158274485e-02	-1.39846343699018e+02	2.46502081520309e-02	9.54568988015584e+00
11	12	19	20	-1.09267681191742e-02	-5.48331366978825e+02	1.01518369301277e-01	5.99148969944744e+00
12	13	20	21	-6.75995982731181e-02	-1.39846343699018e+02	2.47929873186490e-02	9.45355665401800e+00
13	14	21	22	-9.90333140268113e-04	-1.79962674780121e+03	1.01976122007719e+00	1.78223000846047e+00
14	15	22	23	-6.32537826185331e-04	-1.79962674780121e+03	1.59093312147154e+00	1.13833199099916e+00
15	16	23	24	-7.02291125881213e-02	-1.39846343699018e+02	2.42391091549851e-02	9.82128461667543e+00
16	17	24	25	-1.20321742487546e-02	-5.48331366978825e+02	9.31104985122291e-02	6.59761855354703e+00
1	2	10	11	-4.31264432237625e-02	-2.48389372415180e+02	3.31876297985317e-02	1.07121501668493e+01
2	3	11	12	1.34101252839881e-02	7.68607915666014e+02	8.45705188298290e-02	1.03071284433462e+01
3	4	12	13	1.39565704346345e-02	7.68607915666014e+02	8.16508403467380e-02	1.07271305116103e+01
4	5	13	14	1.37759168167625e-02	7.68607915666014e+02	8.25904499352959e-02	1.05882787109202e+01
5	6	14	15	-4.33077754058629e-02	-2.48389372415181e+02	3.30905418398522e-02	1.07571911537599e+01
6	7	15	16	-4.16738420437765e-02	-2.48389372415180e+02	3.39958676944052e-02	1.03513394713830e+01
7	8	16	17	1.30187957048189e-02	7.68607915666014e+02	8.68120203030646e-02	1.00063494311625e+01
8	9	17	18	1.37198410766706e-02	7.68607915666014e+02	8.28871416521299e-02	1.05451784532088e+01
9	10	18	19	1.38152356318555e-02	7.68607915666014e+02	8.23838540758708e-02	1.06184994634353e+01
10	11	19	20	-4.33456174529744e-02	-2.48389372415181e+02	3.30703830920138e-02	1.07665907160928e+01
11	12	20	21	-4.19761886248683e-02	-2.48389372415180e+02	3.38230299786570e-02	1.04264391489123e+01
12	13	21	22	1.34645593813978e-02	7.68607915666014e+02	8.42690474804224e-02	1.03489669214974e+01
13	14	22	23	1.40120232149834e-02	7.68607915666014e+02	8.13672811311557e-02	1.07697519575322e+01
14	15	23	24	1.42545659559113e-02	7.68607915666014e+02	8.01529603281470e-02	1.09561722280967e+01
15	16	24	25	-4.42506484778135e-02	-2.48389372415181e+02	3.25985388779417e-02	1.09913908043689e+01
1	2	11	12	2.80181413049837e-02	2.97575927300304e+02	4.56911612770732e-02	8.33752438006148e+00
2	3	12	13	2.75316297583341e-02	2.97575927300304e+02	4.63218599399220e-02	8.19275025542492e+00
3	4	13	14	2.76624675532768e-02	2.97575927300304e+02	4.61500649959748e-02	8.23168443358093e+00
4	5	14	15	2.81901749403377e-02	2.97575927300304e+02	4.54733520496564e-02	8.38871744862879e+00
5	6	15	16	1.85087936789789e-01	5.63550388990247e+01	1.54028372531687e-02	1.04306378775288e+01
6	7	16	17	2.76277177957202e-02	2.97575927300304e+02	4.61955340428050e-02	8.22134374225256e+00
7	8	17	18	2.72219264111204e-02	2.97575927300304e+02	4.67350930605518e-02	8.10058999468980e+00
8	9	18	19	2.76143894089142e-02	2.97575927300304e+02	4.62130042128395e-02	8.21737753518935e+00
9	10	19	20	2.79885536138084e-02	2.97575927300304e+02	4.57288916675795e-02	8.32871979542332e+00
10	11	20	21	1.86230135880814e-01	5.63550388990247e+01	1.53697002113557e-02	1.04950065517339e+01
11	12	21	22	2.82549450044317e-02	2.97575927300304e+02	4.53920349108148e-02	8.40799146051287e+00
12	13	22	23	2.78088582721446e-02	2.97575927300304e+02	4.59597646984908e-02	8.27524678749617e+00
13	14	23	24	2.83122421159094e-02	2.97575927300304e+02	4.53204100157816e-02	8.42504170159247e+00
14	15	24	25	2.83688511116059e-02	2.97575927300304e+02	4.52499294407764e-02	8.44188717598040e+00
1	2	12	13	1.32742430353094e-02	7.68607915666014e+02	8.53338625291104e-02	1.02026882714133e+01
2	3	13	14	1.39950101357089e-02	7.68607915666014e+02	8.14540389969747e-02	1.07566755701320e+01
3	4	14	15	1.39642326117741e-02	7.68607915666014e+02	8.16115255167576e-02	1.07330197216111e+01
4	5	15	16	-3.27767906110605e-02	-3.55027692789554e+02	4.05093934261688e-02	1.16366683476911e+01
5	6	16	17	-3.11843453444202e-02	-3.55027692789554e+02	4.20673719122640e-02	1.10713061787822e+01
6	7	17	18	1.32134961853184e-02	7.68607915666014e+02	8.56801974265605e-02	1.01559977616584e+01
7	8	18	19	1.39457452734790e-02	7.68607915666014e+02	8.17064581626718e-02	1.07188102070579e+01
8	9	19	20	1.35514431330118e-02	7.68607915666014e+02	8.37928787498627e-02	1.04157464607307e+01
9	10	20	21	-3.30766236359790e-02	-3.55027692789554e+02	4.02328318333027e-02	1.17431173747501e+01
10	11	21	22	-3.09442911909626e-02	-3.55027692789554e+02	4.23161385028607e-02	1.09860803065356e+01
11	12	22	23	1.37589917334568e-02	7.68607915666014e+02	8.26797442263424e-02	1.05752699579182e+01
12	13	23	24	1.39005609705472e-02	7.68607915666014e+02	8.19395427363558e-02	1.06840811941606e+01
13	14	24	25	1.38722870399067e-02	7.68607915666014e+02	8.20861669833733e-02	1.06623496272633e+01
1	2	13	14	-6.47607577460144e-04	-1.79962674780121e+03	1.55414499583514e+00	1.16545191847602e+00
2	3	14	15	-4.05053296829785e-04	-1.79962674780121e+03	2.47881091408627e+00	7.28944747259945e-01
3	4	15	16	-4.46718248474418e-02	-2.32180777481560e+02	3.23854745897462e-02	1.03719390245991e+01
5	6	17	18	-4.41900699443413e-02	-2.32180777481560e+02	3.26295183795710e-02	1.02600847966417e+01
6	7	18	19	-8.67508767221623e-04	-1.79962674780121e+03	1.16272610235711e+00	1.56119198144409e+00
7	8	19	20	-3.53434728086202e-04	-1.79962674780121e+03	2.83937674352166e+00	6.36050590265778e-01
8	9	20	21	-4.48174988183390e-02	-2.32180777481560e+02	3.23127132563410e-02	1.04057617204208e+01
9	10	21	22	-2.75020804304665e-05	-5.28391522583616e+03	3.63708855893030e+01	1.45318661528713e-01
10	11	22	23	-4.47536313786382e-02	-2.32180777481560e+02	3.23445554962791e-02	1.03909329286153e+01
11	12	23	24	-1.09018650146879e-03	-1.79962674780121e+03	9.27274244959662e-01	1.96192878813506e+00
12	13	24	25	-6.89011736482323e-04	-1.79962674780121e+03	1.46135408738521e+00	1.23996395052255e+00
1	2	14	15	-3.44462860616136e-03	-1.39875055925275e+03	3.00307058999427e-01	4.81817618928622e+00
2	3	15	16	-3.96157965955027e-02	-2.72989784155684e+02	3.52424559377287e-02	1.08147077617618e+01
3	4	16	17	2.72243600165252e-03	1.13407944848297e+04	3.77318092837811e-01	3.08745871928428e+01
4	5	17	18	2.95837506025223e-03	1.13407944848297e+04	3.48023401236603e-01	3.35503235673664e+01
5	6	18	19	-3.99824699253419e-02	-2.72989784155684e+02	3.50109611003840e-02	1.09148058349302e+01
6	7	19	20	-3.47215546750584e-03	-1.39875055925275e+03	2.98005537009647e-01	4.85667940198629e+00
7	8	20	21	-3.92729930605184e-02	-2.72989784155684e+02	3.54627906372970e-02	1.07211258987386e+01
8	9	21	22	2.71515722761091e-03	1.13407944848297e+04	3.78302796549248e-01	3.07920401123354e+01
9	10	22	23	2.95669665054446e-03	1.13407944848297e+04	3.48215284890946e-01	3.35312890678092e+01
10	11	23	24	-4.07175297432971e-02	-2.72989784155684e+02	3.45594466635005e-02	1.11154696559753e+01
11	12	24	25	-3.94974172702876e-03	-1.39875055925275e+03	2.63181111351365e-01	5.52470344958540e+00
1	2	15	16	-2.74513194752438e-02	-4.43421716747517e+02	4.64281214570331e-02	1.21725112086972e+01
2	3	16	17	7.87948357027121e-03	1.44294421244800e+03	1.36911870693269e-01	1.13696552148020e+01
3	4	17	18	8.04888303056396e-03	1.44294421244800e+03	1.34240841394105e-01	1.16140891856232e+01
4	5	18	19	8.21477502820792e-03	1.44294421244800e+03	1.31731879030916e-01	1.18534620835150e+01
5	6	19	20	-2.78641331515532e-02	-4.43421716747517e+02	4.58884302827938e-02	1.23555617577431e+01
6	7	20	21	-2.69679940325145e-02	-4.43421716747517e+02	4.70809930762492e-02	1.19581942111344e+01
7	8	21	22	7.80003298706920e-03	1.44294421244800e+03	1.38204586013647e-01	1.12550124555950e+01
8	9	22	23	8.10902980760060e-03	1.44294421244800e+03	1.33319314853511e-01	1.17008776294456e+01
9	10	23	24	8.31853541814691e-03	1.44294421244800e+03	1.30213469046306e-01	1.20031825376588e+01
10	11	24	25	-2.82005775079966e-02	-4.43421716747517e+02	4.54602667167521e-02	1.25047484918673e+01
1	2	16	17	1.14117064871122e-02	9.18295369999295e+02	9.76293130330112e-02	1.04793172309061e+01
2	3	17	18	1.11331701598356e-02	9.18295369999295e+02	9.98216757350601e-02	1.02235386111913e+01
3	4	18	19	1.13318590161106e-02	9.18295369999295e+02	9.82467738592839e-02	1.04059936679791e+01
4	5	19	20	1.15911632208125e-02	9.18295369999295e+02	9.62726182825595e-02	1.06441115185782e+01
5	6	20	21	1.06179689060524e-01	1.17979390544309e+02	1.94179970656157e-02	1.25270150035448e+01
6	7	21	22	1.14436944843415e-02	9.18295369999295e+02	9.73843671174819e-02	1.05086916606573e+01
7	8	22	23	1.12089942452343e-02	9.18295369999295e+02	9.92140702476645e-02	1.02931675177474e+01
8	9	23	24	1.13681854394674e-02	9.18295369999295e+02	9.79647860535648e-02	1.04393520543563e+01
9	10	24	25	1.15781764475038e-02	9.18295369999295e+02	9.63693867971407e-02	1.06321858247776e+01
1	2	17	18	7.91273135295364e-03	1.44294421244800e+03	1.36378611303001e-01	1.14176299104003e+01
2	3	18	19	8.15356534339344e-03	1.44294421244800e+03	1.32645733232550e-01	1.17651399230662e+01
3	4	19	20	8.18427392614191e-03	1.44294421244800e+03	1.32185548653966e-01	1.18094506948156e+01
4	5	20	21	-1.90948195440957e-02	-7.78993434788562e+02	6.23702252168814e-02	1.48747390633229e+01
5	6	21	22	-1.79008551054603e-02	-7.78993434788563e+02	6.58632531300122e-02	1.39446486042549e+01
6	7	22	23	8.01404394351517e-03	1.44294421244800e+03	1.34780947926943e-01	1.15638183265992e+01
7	8	23	24	8.16606441290399e-03	1.44294421244800e+03	1.32458010301732e-01	1.17831753830774e+01
8	9	24	25	8.02451035309359e-03	1.44294421244800e+03	1.34618195503291e-01	1.15789207717255e+01
1	2	18	19	2.81033282788644e-03	1.13407944848297e+04	3.65829740192043e-01	3.18714070350305e+01
2	3	19	20	2.97876244224515e-03	1.13407944848297e+04	3.45709886031154e-01	3.37815326766318e+01
3	4	20	21	-2.46839424066730e-02	-5.02779790256318e+02	5.05121671216370e-02	1.24105873859261e+01
5	6	22	23	-2.45762527125471e-02	-5.02779790256317e+02	5.06896857587024e-02	1.23564431841007e+01
6	7	23	24	2.70720668475426e-03	1.13407944848297e+04	3.79384430687003e-01	3.07018746397553e+01
7	8	24	25	2.92581738993432e-03	1.13407944848297e+04	3.51784830263261e-01	3.31810937193861e+01
2	3	20	21	-2.35724505849689e-02	-5.18614330024727e+02	5.24224030673186e-02	1.22250106671646e+01
3	4	21	22	2.68503589517743e-03	6.71571716413824e+03	3.82434499589406e-01	1.80319416475704e+01
4	5	22	23	2.83785695239874e-03	6.71571716413824e+03	3.62378578897268e-01	1.90582446445933e+01
5	6	23	24	-2.41262586663974e-02	-5.18614330024727e+02	5.14486147159145e-02	1.25122234742770e+01
6	7	24	25	-9.51462417420057e-05	-5.28391522583616e+03	1.05201366243299e+01	5.02744675421672e-01
1	2	20	21	-1.83666293865205e-02	-7.27782609751511e+02	6.44465714941639e-02	1.33669134672607e+01
2	3	21	22	4.73550361592755e-03	2.74029021636987e+03	2.21170781632722e-01	1.29766542283104e+01
3	4	22	23	4.80127564363735e-03	2.74029021636987e+03	2.18277981566253e-01	1.31568886723544e+01
4	5	23	24	4.95905361998114e-03	2.74029021636987e+03	2.11651378797514e-01	1.35892461172879e+01
5	6	24	25	-1.87274367237337e-02	-7.27782609751511e+02	6.33975906447826e-02	1.36295027727552e+01
1	2	21	22	5.96720543104873e-03	2.10439096969375e+03	1.77582633370853e-01	1.25573332234064e+01
2	3	22	23	5.78468801263964e-03	2.10439096969375e+03	1.82870169975456e-01	1.21732452162945e+01
3	4	23	24	5.86163259544584e-03	2.10439096969375e+03	1.80600934759532e-01	1.23351667015188e+01
4	5	24	25	6.03037222038973e-03	2.10439096969375e+03	1.75827243071137e-01	1.26902608444802e+01
1	2	22	23	4.82941941564310e-03	2.74029021636987e+03	2.17064227381220e-01	1.32340107754335e+01
2	3	23	24	4.83069558258782e-03	2.74029021636987e+03	2.17009525420001e-01	1.32375078432265e+01
3	4	24	25	4.85281143272963e-03	2.74029021636987e+03	2.16066115253425e-01	1.32981116909968e+01
1	2	23	24	2.74541285548181e-03	6.71571716413824e+03	3.74243941672847e-01	1.84374162362050e+01
2	3	24	25	2.78981501828812e-03	6.71571716413824e+03	3.68446704689983e-01	1.87356086030882e+01
0
