25
# x y z 
-10	-10	0
-5	-10	0
0	-10	0
5	-10	0
10	-10	0
-10	-5	0
-5	-5	0
0	-5	0
5	-5	0
10	-5	0
-10	0	0
-5	0	0
0	0	0
5	0	0
10	0	0
-10	5	0
-5	5	0
0	5	0
5	5	0
10	5	0
-10	10	0
-5	10	0
0	10	0
5	10	0
10	10	0
253
# a b m n r  k err rhoa
1	2	3	4	-9.55754707389524e-01	-9.42477796076938e+01	1.14629356493710e-03	9.00777590210637e+01
2	3	4	5	-9.54642194624248e-01	-9.42477796076938e+01	1.14751288559333e-03	8.99729071631512e+01
3	4	5	6	-1.25364544778879e+00	-4.97886403592180e+01	8.97673697745901e-04	6.24173023379269e+01
4	5	6	7	-8.76278071717088e-02	-5.48331366978825e+02	1.15119025943497e-02	4.80490752918200e+01
5	6	7	8	-1.25381858512898e+00	-4.97886403592180e+01	8.97563548555256e-04	6.24259226106904e+01
6	7	8	9	-9.54404685438677e-01	-9.42477796076938e+01	1.14777356529884e-03	8.99505224497747e+01
7	8	9	10	-9.51502315927004e-01	-9.42477796076938e+01	1.15096959120456e-03	8.96769805676985e+01
8	9	10	11	-1.25491522248091e+00	-4.97886403592180e+01	8.96866578782147e-04	6.24805226934101e+01
9	10	11	12	-8.81512019052214e-02	-5.48331366978825e+02	1.14441448146695e-02	4.83360690415165e+01
10	11	12	13	-1.25578590576477e+00	-4.97886403592180e+01	8.96314081412630e-04	6.25238728302970e+01
11	12	13	14	-9.51543268275546e-01	-9.42477796076938e+01	1.15092435976377e-03	8.96808402356183e+01
12	13	14	15	-9.48412722376239e-01	-9.42477796076938e+01	1.15439327879798e-03	8.93857932356486e+01
13	14	15	16	-1.25464780606075e+00	-4.97886403592180e+01	8.97036423424456e-04	6.24672083934406e+01
14	15	16	17	-8.81095342230222e-02	-5.48331366978825e+02	1.14495095487488e-02	4.83132213443773e+01
15	16	17	18	-1.25354721893109e+00	-4.97886403592180e+01	8.97736204028045e-04	6.24124116566580e+01
16	17	18	19	-9.47157550751074e-01	-9.42477796076938e+01	1.15579055903321e-03	8.92674960969503e+01
17	18	19	20	-9.47050400770445e-01	-9.42477796076938e+01	1.15591001195552e-03	8.92573974491910e+01
18	19	20	21	-1.25384338008752e+00	-4.97886403592180e+01	8.97547776605240e-04	6.24271571179638e+01
19	20	21	22	-8.81768124357335e-02	-5.48331366978825e+02	1.14408499624415e-02	4.83501120987212e+01
20	21	22	23	-1.25715850276952e+00	-4.97886403592180e+01	8.95444645839805e-04	6.25922125689246e+01
21	22	23	24	-9.46370214638936e-01	-9.42477796076938e+01	1.15666892779537e-03	8.91932914165763e+01
22	23	24	25	-9.47568482883410e-01	-9.42477796076938e+01	1.15533269422073e-03	8.93062255379924e+01
1	2	4	5	-1.40848871812644e-01	-3.76991118430775e+02	7.19980837709649e-03	5.30987737143615e+01
2	3	5	6	-6.52736183121225e-01	-7.36495156836297e+01	1.63201251264829e-03	4.80737037560593e+01
3	4	6	7	-3.46146292244908e-01	-2.43709338715399e+02	2.98895193276394e-03	8.43590839817937e+01
4	5	7	8	-3.45798975049149e-01	-2.43709338715399e+02	2.99185356855921e-03	8.42744395376908e+01
5	6	8	9	-6.52165032184499e-01	-7.36495156836297e+01	1.63335421350389e-03	4.80316387661871e+01
6	7	9	10	-1.41104444805427e-01	-3.76991118430775e+02	7.18694897158576e-03	5.31951224627515e+01
7	8	10	11	-6.51452363359940e-01	-7.36495156836297e+01	1.63503165579504e-03	4.79791510524156e+01
8	9	11	12	-3.45219126743609e-01	-2.43709338715399e+02	2.99671087877669e-03	8.41331250905924e+01
9	10	12	13	-3.46259001445349e-01	-2.43709338715399e+02	2.98801156309530e-03	8.43865522665004e+01
10	11	13	14	-6.51904510749204e-01	-7.36495156836297e+01	1.63396698981381e-03	4.80124514886525e+01
11	12	14	15	-1.41239057199097e-01	-3.76991118430775e+02	7.18019452855986e-03	5.32458701395958e+01
12	13	15	16	-6.51484455523384e-01	-7.36495156836297e+01	1.63495604004339e-03	4.79815146247104e+01
13	14	16	17	-3.45027415208516e-01	-2.43709338715399e+02	2.99832041142485e-03	8.40864031991508e+01
14	15	17	18	-3.45160610994740e-01	-2.43709338715399e+02	2.99720196379893e-03	8.41188642561311e+01
15	16	18	19	-6.51977157004304e-01	-7.36495156836297e+01	1.63379606824691e-03	4.80178018501568e+01
16	17	19	20	-1.41311719333823e-01	-3.76991118430775e+02	7.17655391013737e-03	5.32732631190337e+01
17	18	20	21	-6.52403166059843e-01	-7.36495156836297e+01	1.63279452342246e-03	4.80491772107741e+01
18	19	21	22	-3.45090566265216e-01	-2.43709338715399e+02	2.99779002313109e-03	8.41017937014183e+01
19	20	22	23	-3.44199914284033e-01	-2.43709338715399e+02	3.00528834697734e-03	8.38847334960587e+01
20	21	23	24	-6.51786876789964e-01	-7.36495156836297e+01	1.63424383891400e-03	4.80037878045265e+01
21	22	24	25	-1.41591801321858e-01	-3.76991118430775e+02	7.16255581653955e-03	5.33788515409553e+01
1	2	5	6	-7.79210075794315e-01	-8.35026830420010e+01	1.38335096152423e-03	6.50661319821863e+01
2	3	6	7	-2.74280658958808e-01	-9.51996818158478e+02	3.74590053048612e-03	2.61114314611196e+02
3	4	7	8	-2.83793440442887e-01	-9.51996818158478e+02	3.62368961889818e-03	2.70170452315876e+02
4	5	8	9	-2.72638522835741e-01	-9.51996818158478e+02	3.76786024806362e-03	2.59551006247053e+02
5	6	9	10	-7.80487844755361e-01	-8.35026830420010e+01	1.38124993453735e-03	6.51728291187414e+01
6	7	10	11	-7.80070680253475e-01	-8.35026830420010e+01	1.38193511859087e-03	6.51379947635641e+01
7	8	11	12	-2.70072221146238e-01	-9.51996818158478e+02	3.80271328075064e-03	2.57107895204211e+02
8	9	12	13	-2.74824535812301e-01	-9.51996818158478e+02	3.73868530531414e-03	2.61632083645191e+02
9	10	13	14	-2.72687320946517e-01	-9.51996818158478e+02	3.76720387485905e-03	2.59597461893244e+02
10	11	14	15	-7.78786350543385e-01	-8.35026830420010e+01	1.38404921234465e-03	6.50307497868610e+01
11	12	15	16	-7.81921425525273e-01	-8.35026830420010e+01	1.37890088102935e-03	6.52925369593865e+01
12	13	16	17	-2.70734373470204e-01	-9.51996818158478e+02	3.79365731873000e-03	2.57738262109763e+02
13	14	17	18	-2.75679682360893e-01	-9.51996818158478e+02	3.72739825958918e-03	2.62446180438510e+02
14	15	18	19	-2.73121714803258e-01	-9.51996818158478e+02	3.76137127075504e-03	2.60011003462689e+02
15	16	19	20	-7.79161101308630e-01	-8.35026830420010e+01	1.38343162706719e-03	6.50620424812310e+01
16	17	20	21	-7.83294694816671e-01	-8.35026830420010e+01	1.37665871684992e-03	6.54072086297574e+01
17	18	21	22	-2.68130250628493e-01	-9.51996818158478e+02	3.82953069508575e-03	2.55259145450361e+02
18	19	22	23	-2.70470493823784e-01	-9.51996818158478e+02	3.79726096870114e-03	2.57487049525995e+02
19	20	23	24	-2.71782904687316e-01	-9.51996818158478e+02	3.77940728704218e-03	2.58736460492194e+02
20	21	24	25	-7.82786362466738e-01	-8.35026830420010e+01	1.37748776415671e-03	6.53647615146610e+01
1	2	6	7	1.48027676183668e+00	5.36303412266898e+01	7.75549347109409e-04	7.93877478472405e+01
2	3	7	8	1.49658309707524e+00	5.36303412266898e+01	7.68188757412998e-04	8.02622621702413e+01
3	4	8	9	1.49288924264395e+00	5.36303412266898e+01	7.69842056219101e-04	8.00641594966495e+01
4	5	9	10	1.47857792004250e+00	5.36303412266898e+01	7.76325533098219e-04	7.92966383821285e+01
5	6	10	11	2.72626521182085e+00	2.05818045373816e+01	4.66802171580405e-04	5.61114577067600e+01
6	7	11	12	1.47545645075551e+00	5.36303412266898e+01	7.77756364471448e-04	7.91292329191386e+01
7	8	12	13	1.47993066232464e+00	5.36303412266898e+01	7.75707332415982e-04	7.93691864123114e+01
8	9	13	14	1.48307217589055e+00	5.36303412266898e+01	7.74276017213743e-04	7.95376668568195e+01
9	10	14	15	1.47783260539265e+00	5.36303412266898e+01	7.76666624048606e-04	7.92566669031358e+01
10	11	15	16	2.72590775370288e+00	2.05818045373816e+01	4.66850271672472e-04	5.61041005736457e+01
11	12	16	17	1.47644346322052e+00	5.36303412266898e+01	7.77303279746812e-04	7.91821667344321e+01
12	13	17	18	1.48105278566319e+00	5.36303412266898e+01	7.75195381069566e-04	7.94293662698563e+01
13	14	18	19	1.48409851346271e+00	5.36303412266898e+01	7.73809717433644e-04	7.95927096910282e+01
14	15	19	20	1.47679527577700e+00	5.36303412266898e+01	7.77141927796228e-04	7.92010345618839e+01
15	16	20	21	2.72914452535541e+00	2.05818045373816e+01	4.66415186410757e-04	5.61707191751302e+01
16	17	21	22	1.47778284366215e+00	5.36303412266898e+01	7.76689409603553e-04	7.92539981645490e+01
17	18	22	23	1.47376409961830e+00	5.36303412266898e+01	7.78534644899409e-04	7.90384715501746e+01
18	19	23	24	1.47661713321822e+00	5.36303412266898e+01	7.77223619788662e-04	7.91914807156696e+01
19	20	24	25	1.47840109175237e+00	5.36303412266898e+01	7.76406426901840e-04	7.92871550205903e+01
1	2	7	8	-2.77435740298524e-01	-9.51996818158478e+02	3.70443827072888e-03	2.64117942007637e+02
2	3	8	9	-2.85801370403970e-01	-9.51996818158478e+02	3.59893353760528e-03	2.72081995249912e+02
3	4	9	10	-2.73402362428924e-01	-9.51996818158478e+02	3.75761287179795e-03	2.60278179109347e+02
4	5	10	11	-7.57743906974872e-01	-9.06307466119545e+01	1.41970708150235e-03	6.86748960297920e+01
5	6	11	12	-7.57229148896234e-01	-9.06307466119545e+01	1.42060420740226e-03	6.86282431208005e+01
6	7	12	13	-2.69691644155781e-01	-9.51996818158478e+02	3.80793838693190e-03	2.56745587120232e+02
7	8	13	14	-2.74266175485777e-01	-9.51996818158478e+02	3.74609306353148e-03	2.61100526390954e+02
8	9	14	15	-2.73542039934042e-01	-9.51996818158478e+02	3.75574520187510e-03	2.60411151649787e+02
9	10	15	16	-7.55935187810312e-01	-9.06307466119545e+01	1.42286473248674e-03	6.85109704614966e+01
10	11	16	17	-7.57763253337477e-01	-9.06307466119545e+01	1.41967338821937e-03	6.86766494050791e+01
11	12	17	18	-2.70206288094432e-01	-9.51996818158478e+02	3.80087612339547e-03	2.57235526512312e+02
12	13	18	19	-2.75882262076920e-01	-9.51996818158478e+02	3.72473466931769e-03	2.62639035683591e+02
13	14	19	20	-2.73310446411463e-01	-9.51996818158478e+02	3.75884294994902e-03	2.60190675353186e+02
14	15	20	21	-7.55626175856763e-01	-9.06307466119545e+01	1.42340571561878e-03	6.84829644774344e+01
15	16	21	22	-7.61575204197312e-01	-9.06307466119545e+01	1.41306796031258e-03	6.90221293575540e+01
16	17	22	23	-2.70220832961367e-01	-9.51996818158478e+02	3.80067692057987e-03	2.57249373179355e+02
17	18	23	24	-2.70503112650735e-01	-9.51996818158478e+02	3.79681513162907e-03	2.57518102545464e+02
18	19	24	25	-2.71341797531012e-01	-9.51996818158478e+02	3.78538872042266e-03	2.58316527882925e+02
1	2	8	9	-3.44603284371869e-01	-2.43709338715399e+02	3.00188760627388e-03	8.39830385534228e+01
2	3	9	10	-3.45716875429960e-01	-2.43709338715399e+02	2.99254031570291e-03	8.42544310937895e+01
3	4	10	11	-5.13762302524854e-01	-9.34729417791302e+01	2.04642540934895e-03	4.80228737922175e+01
4	5	11	12	-2.73046721645796e-02	-1.39875055925275e+03	3.67237687811256e-02	3.81924254604187e+01
5	6	12	13	-5.13392935579890e-01	-9.34729417791302e+01	2.04782578936439e-03	4.79883479772758e+01
6	7	13	14	-3.46184925741848e-01	-2.43709338715399e+02	2.98862953191008e-03	8.43684993257853e+01
7	8	14	15	-3.46071588954364e-01	-2.43709338715399e+02	2.98957554424344e-03	8.43408780922554e+01
8	9	15	16	-5.13689803783764e-01	-9.34729417791302e+01	2.04670011480498e-03	4.80160971216126e+01
9	10	16	17	-2.73720331397915e-02	-1.39875055925275e+03	3.66336398247404e-02	3.82866466621682e+01
10	11	17	18	-5.14304993624002e-01	-9.34729417791302e+01	2.04437155461703e-03	4.80736007257322e+01
11	12	18	19	-3.45067622910635e-01	-2.43709338715399e+02	2.99798269558016e-03	8.40962021916455e+01
12	13	19	20	-3.45082849573282e-01	-2.43709338715399e+02	2.99785482308543e-03	8.40999130715300e+01
13	14	20	21	-5.14539676476558e-01	-9.34729417791302e+01	2.04348472181534e-03	4.80955372223458e+01
14	15	21	22	-2.74257161600437e-02	-1.39875055925275e+03	3.65621289801319e-02	3.83617358167683e+01
15	16	22	23	-5.13288965880514e-01	-9.34729417791302e+01	2.04822033293579e-03	4.79786296236192e+01
16	17	23	24	-3.44680159529863e-01	-2.43709338715399e+02	3.00124038866635e-03	8.40017737473411e+01
17	18	24	25	-3.44741149585228e-01	-2.43709338715399e+02	3.00072711425120e-03	8.40166375934023e+01
1	2	9	10	-8.76337558667562e-02	-5.48331366978825e+02	1.15111279393350e-02	4.80523371479071e+01
2	3	10	11	-2.19090722906344e-01	-1.39846343699018e+02	4.66431923147871e-03	3.06390365368269e+01
3	4	11	12	-4.94939201423929e-02	-1.79962674780121e+03	2.03045018281644e-02	8.90705825417875e+01
4	5	12	13	-4.94926590348001e-02	-1.79962674780121e+03	2.03050166530124e-02	8.90683130188316e+01
5	6	13	14	-2.19119519949675e-01	-1.39846343699018e+02	4.66371938122934e-03	3.06430636980460e+01
6	7	14	15	-8.80725388871364e-02	-5.48331366978825e+02	1.14542769702766e-02	4.82929356412792e+01
7	8	15	16	-2.18758711158149e-01	-1.39846343699018e+02	4.67124653325033e-03	3.05926059077767e+01
8	9	16	17	-4.92743494260923e-02	-1.79962674780121e+03	2.03945348167391e-02	8.86754372076991e+01
9	10	17	18	-4.93171196226552e-02	-1.79962674780121e+03	2.03769344124595e-02	8.87524075974424e+01
10	11	18	19	-2.18946812451195e-01	-1.39846343699018e+02	4.66731929003492e-03	3.06189111858542e+01
11	12	19	20	-8.78792747849612e-02	-5.48331366978825e+02	1.14792472963276e-02	4.81869628719456e+01
12	13	20	21	-2.18876164060437e-01	-1.39846343699018e+02	4.66879351980911e-03	3.06090312667185e+01
13	14	21	22	-4.93446522278145e-02	-1.79962674780121e+03	2.03656205860606e-02	8.88019560101237e+01
14	15	22	23	-4.92157363462797e-02	-1.79962674780121e+03	2.04187044274629e-02	8.85699555414973e+01
15	16	23	24	-2.18814385084427e-01	-1.39846343699018e+02	4.67008345047407e-03	3.06003917028060e+01
16	17	24	25	-8.81910725753778e-02	-5.48331366978825e+02	1.14390161928838e-02	4.83579313805857e+01
1	2	10	11	-1.07180310188178e-01	-2.48389372415180e+02	9.43007189701435e-03	2.66224499829059e+01
2	3	11	12	2.30161767223013e-02	7.68607915666014e+02	4.35477025470116e-02	1.76904156171286e+01
3	4	12	13	2.34548216208331e-02	7.68607915666014e+02	4.27351569057246e-02	1.80275615583067e+01
4	5	13	14	2.29925526772725e-02	7.68607915666014e+02	4.35923435442848e-02	1.76722579891195e+01
5	6	14	15	-1.07592308049776e-01	-2.48389372415181e+02	9.39434471781537e-03	2.67247858731846e+01
6	7	15	16	-1.07187316810052e-01	-2.48389372415180e+02	9.42946200875718e-03	2.66241903533159e+01
7	8	16	17	2.29903596274680e-02	7.68607915666014e+02	4.35964922777997e-02	1.76705723936803e+01
8	9	17	18	2.29242968850312e-02	7.68607915666014e+02	4.37218395275175e-02	1.76197960469127e+01
9	10	18	19	2.33010045553265e-02	7.68607915666014e+02	4.30166046307392e-02	1.79093365441938e+01
10	11	19	20	-1.07189588055153e-01	-2.48389372415181e+02	9.42926432635848e-03	2.66247545064612e+01
11	12	20	21	-1.07303953524841e-01	-2.48389372415180e+02	9.41932111679835e-03	2.66531616737029e+01
12	13	21	22	2.32240755234475e-02	7.68607915666014e+02	4.31587645562201e-02	1.78502082813471e+01
13	14	22	23	2.31307231721715e-02	7.68607915666014e+02	4.33325436847170e-02	1.77784569252103e+01
14	15	23	24	2.29613998707811e-02	7.68607915666014e+02	4.36513516435260e-02	1.76483136954549e+01
15	16	24	25	-1.07389819507750e-01	-2.48389372415181e+02	9.41186964075150e-03	2.66744898713095e+01
1	2	11	12	1.46475476569912e-01	2.97575927300304e+02	6.92708138875865e-03	4.35875757670456e+01
2	3	12	13	1.46595731332347e-01	2.97575927300304e+02	6.92148102752666e-03	4.36233606894894e+01
3	4	13	14	1.46617524348472e-01	2.97575927300304e+02	6.92046709248247e-03	4.36298457664715e+01
4	5	14	15	1.46619047832866e-01	2.97575927300304e+02	6.92039622259667e-03	4.36302991187528e+01
5	6	15	16	4.71976441154248e-01	5.63550388990247e+01	2.21874982055129e-03	2.65982507006709e+01
6	7	16	17	1.46092928241116e-01	2.97575927300304e+02	6.94495828812173e-03	4.34737385933669e+01
7	8	17	18	1.46308653105751e-01	2.97575927300304e+02	6.93486573604916e-03	4.35379331200024e+01
8	9	18	19	1.46232760528812e-01	2.97575927300304e+02	6.93841292733424e-03	4.35153493160446e+01
9	10	19	20	1.45932066868657e-01	2.97575927300304e+02	6.95250350699157e-03	4.34258701212906e+01
10	11	20	21	4.71742874174445e-01	5.63550388990247e+01	2.21979884539859e-03	2.65850880244386e+01
11	12	21	22	1.46190015140315e-01	2.97575927300304e+02	6.94041245252070e-03	4.35026293174248e+01
12	13	22	23	1.46210076223880e-01	2.97575927300304e+02	6.93947389828851e-03	4.35085990129693e+01
13	14	23	24	1.46401095660874e-01	2.97575927300304e+02	6.93054997290742e-03	4.35654417990651e+01
14	15	24	25	1.46157537760094e-01	2.97575927300304e+02	6.94193244717505e-03	4.34929648308892e+01
1	2	12	13	2.26965278570562e-02	7.68607915666014e+02	4.41596026977363e-02	1.74447309690676e+01
2	3	13	14	2.32489771940679e-02	7.68607915666014e+02	4.31126448855202e-02	1.78693479024992e+01
3	4	14	15	2.28611318417431e-02	7.68607915666014e+02	4.38423661664056e-02	1.75712468946481e+01
4	5	15	16	-8.31853341443061e-02	-3.55027692789554e+02	1.21213498002574e-02	2.95330972551811e+01
5	6	16	17	-8.28011853034381e-02	-3.55027692789554e+02	1.21771217988648e-02	2.93967137785200e+01
6	7	17	18	2.31481711575897e-02	7.68607915666014e+02	4.32999570589025e-02	1.77918675849152e+01
7	8	18	19	2.31416887602743e-02	7.68607915666014e+02	4.33120581327941e-02	1.77868851630261e+01
8	9	19	20	2.31853844360713e-02	7.68607915666014e+02	4.32306197556174e-02	1.78204700053240e+01
9	10	20	21	-8.29064845759941e-02	-3.55027692789554e+02	1.21617826833964e-02	2.94340979363080e+01
10	11	21	22	-8.29887342403292e-02	-3.55027692789554e+02	1.21498283189146e-02	2.94632988448696e+01
11	12	22	23	2.29592337981038e-02	7.68607915666014e+02	4.36554604649999e-02	1.76466488348493e+01
12	13	23	24	2.31504885193161e-02	7.68607915666014e+02	4.32956327472584e-02	1.77936487274815e+01
13	14	24	25	2.31300443120548e-02	7.68607915666014e+02	4.33338125473813e-02	1.77779351479510e+01
1	2	13	14	-4.94772687399327e-02	-1.79962674780121e+03	2.03113015828804e-02	8.90406162325317e+01
2	3	14	15	-4.94046023270776e-02	-1.79962674780121e+03	2.03410292340704e-02	8.89098438122909e+01
3	4	15	16	-1.12250037879152e-01	-2.32180777481560e+02	9.00868296255362e-03	2.60623010671160e+01
4	5	16	17	-5.97624459338103e-03	-5.28391522583616e+03	1.67429162047274e-01	3.15779698002871e+01
5	6	17	18	-1.11978552828601e-01	-2.32180777481560e+02	9.03028151141265e-03	2.59992674570045e+01
6	7	18	19	-4.94264898287126e-02	-1.79962674780121e+03	2.03320659117307e-02	8.89492331456758e+01
7	8	19	20	-4.93349054940792e-02	-1.79962674780121e+03	2.03696243153848e-02	8.87844155273899e+01
8	9	20	21	-1.11978476046779e-01	-2.32180777481560e+02	9.03028763476161e-03	2.59992496297414e+01
9	10	21	22	-5.99765352874794e-03	-5.28391522583616e+03	1.66831871924045e-01	3.16910927998412e+01
10	11	22	23	-1.12016583145247e-01	-2.32180777481560e+02	9.02724962609638e-03	2.60080973654912e+01
11	12	23	24	-4.92711295383596e-02	-1.79962674780121e+03	2.03958610725873e-02	8.86696426116104e+01
12	13	24	25	-4.93632280239775e-02	-1.79962674780121e+03	2.03579944632929e-02	8.88353855097603e+01
1	2	14	15	-2.72834746654376e-02	-1.39875055925275e+03	3.67522230860422e-02	3.81627754466391e+01
2	3	15	16	-6.76728768117898e-02	-2.72989784155684e+02	1.48769689587924e-02	1.84740040340447e+01
3	4	16	17	-4.82633169310447e-03	1.13407944848297e+04	2.07296700017268e-01	-5.47344358471182e+01
4	5	17	18	-4.82298444597033e-03	1.13407944848297e+04	2.07440498648200e-01	-5.46964754052800e+01
5	6	18	19	-6.76758309263585e-02	-2.72989784155684e+02	1.48763239300032e-02	1.84748104771432e+01
6	7	19	20	-2.73933568679880e-02	-1.39875055925275e+03	3.66052010536396e-02	3.83164732389084e+01
7	8	20	21	-6.76438558436753e-02	-2.72989784155684e+02	1.48833086616321e-02	1.84660816062231e+01
8	9	21	22	-4.82106031204519e-03	1.13407944848297e+04	2.07523250338011e-01	-5.46746541978737e+01
9	10	22	23	-4.78870307801559e-03	1.13407944848297e+04	2.08924807825503e-01	-5.43076974566464e+01
10	11	23	24	-6.76763940033020e-02	-2.72989784155684e+02	1.48762009889476e-02	1.84749641913964e+01
11	12	24	25	-2.73483177818311e-02	-1.39875055925275e+03	3.66653203234442e-02	3.82534747919582e+01
1	2	15	16	-3.06278106534949e-02	-4.43421716747517e+02	3.27500647177630e-02	1.35810363801906e+01
2	3	16	17	9.44483522154820e-03	1.44294421244800e+03	1.05977972091934e-01	1.36283703204580e+01
3	4	17	18	9.51174929195875e-03	1.44294421244800e+03	1.05233132645265e-01	1.37249235910883e+01
4	5	18	19	9.46268530407510e-03	1.44294421244800e+03	1.05778247544526e-01	1.36541269937319e+01
5	6	19	20	-3.07147885552961e-02	-4.43421716747517e+02	3.26576065158219e-02	1.36196042707264e+01
6	7	20	21	-3.07034023613985e-02	-4.43421716747517e+02	3.26696803314944e-02	1.36145553850811e+01
7	8	21	22	9.46761554774542e-03	1.44294421244800e+03	1.05723215788281e-01	1.36612410603020e+01
8	9	22	23	9.45938319625578e-03	1.44294421244800e+03	1.05815138001368e-01	1.36493622363652e+01
9	10	23	24	9.47230033604067e-03	1.44294421244800e+03	1.05670976903588e-01	1.36680009484592e+01
10	11	24	25	-3.07083436304614e-02	-4.43421716747517e+02	3.26644395553800e-02	1.36167464510919e+01
1	2	16	17	2.24120327097111e-02	9.18295369999295e+02	4.47188890116469e-02	2.05808658696005e+01
2	3	17	18	2.24240383185966e-02	9.18295369999295e+02	4.46950004986695e-02	2.05918905646540e+01
3	4	18	19	2.24700634828817e-02	9.18295369999295e+02	4.46036570885448e-02	2.06341552599205e+01
4	5	19	20	2.24110763205060e-02	9.18295369999295e+02	4.47207931158133e-02	2.05799876218215e+01
5	6	20	21	1.14317485743538e-01	1.17979390544309e+02	8.84756817380867e-03	1.34871072965803e+01
6	7	21	22	2.24250717593562e-02	9.18295369999295e+02	4.46929453752040e-02	2.05928395685187e+01
7	8	22	23	2.23881158975050e-02	9.18295369999295e+02	4.47665545496592e-02	2.05589031716864e+01
8	9	23	24	2.24063565028722e-02	9.18295369999295e+02	4.47301923238530e-02	2.05756534351411e+01
9	10	24	25	2.23910892145312e-02	9.18295369999295e+02	4.47606232693239e-02	2.05616335549451e+01
1	2	17	18	9.42219970441688e-03	1.44294421244800e+03	1.06232329113256e-01	1.35957085320176e+01
2	3	18	19	9.50277950787691e-03	1.44294421244800e+03	1.05332369031723e-01	1.37119806930605e+01
3	4	19	20	9.43836009118552e-03	1.44294421244800e+03	1.06050609040007e-01	1.36190270685764e+01
4	5	20	21	-1.65037290592153e-02	-7.78993434788562e+02	6.06923665137742e-02	1.28562965866579e+01
5	6	21	22	-1.64952433527059e-02	-7.78993434788563e+02	6.07235372596645e-02	1.28496862769976e+01
6	7	22	23	9.45730584705443e-03	1.44294421244800e+03	1.05838358912381e-01	1.36463647373578e+01
7	8	23	24	9.49671805212422e-03	1.44294421244800e+03	1.05399535535471e-01	1.37032343505631e+01
8	9	24	25	9.47903159754505e-03	1.44294421244800e+03	1.05596008712429e-01	1.36777137832894e+01
1	2	18	19	-4.85083562957755e-03	1.13407944848297e+04	2.06250048437549e-01	-5.50123299547287e+01
2	3	19	20	-4.79869376031384e-03	1.13407944848297e+04	2.08490043196797e-01	-5.44209997313541e+01
3	4	20	21	-2.69246995313129e-02	-5.02779790256318e+02	3.72406187406853e-02	1.35371947830679e+01
4	5	21	22	-9.35364682463982e-04	-8.19204593489534e+04	1.06920172978282e+00	7.66255044462374e+01
5	6	22	23	-2.68765352358688e-02	-5.02779790256317e+02	3.73071768635350e-02	1.35129787487066e+01
6	7	23	24	-4.81862039497821e-03	1.13407944848297e+04	2.07628279472308e-01	-5.46469835998570e+01
7	8	24	25	-4.82185128824734e-03	1.13407944848297e+04	2.07489224640207e-01	-5.46836244964246e+01
1	2	19	20	-5.97738079688428e-03	-5.28391522583616e+03	1.67397355477378e-01	3.15839734032775e+01
2	3	20	21	-2.17461335160231e-02	-5.18614330024727e+02	4.60851862522216e-02	1.12778564640406e+01
3	4	21	22	3.31555619080395e-04	6.71571716413824e+03	3.01618521301375e+00	2.22663376192469e+00
4	5	22	23	3.32650952144589e-04	6.71571716413824e+03	3.00625402887933e+00	2.23398970898435e+00
5	6	23	24	-2.17455845634602e-02	-5.18614330024727e+02	4.60863471171215e-02	1.12775717693750e+01
6	7	24	25	-5.99807385222900e-03	-5.28391522583616e+03	1.66820187953068e-01	3.16933137534826e+01
1	2	20	21	-1.24311889858997e-02	-7.27782609751511e+02	8.05428282068809e-02	9.04720316247232e+00
2	3	21	22	3.28857321826258e-03	2.74029021636987e+03	3.04183240247368e-01	9.01164501582091e+00
3	4	22	23	3.29419980265389e-03	2.74029021636987e+03	3.03663857661085e-01	9.02706348998000e+00
4	5	23	24	3.28482831272104e-03	2.74029021636987e+03	3.04529913772764e-01	9.00138288780420e+00
5	6	24	25	-1.24387990854592e-02	-7.27782609751511e+02	8.04936130111618e-02	9.05274166059020e+00
1	2	21	22	5.18455522481743e-03	2.10439096969375e+03	1.92980576372916e-01	1.09103311969843e+01
2	3	22	23	5.17417642495891e-03	2.10439096969375e+03	1.93367472515288e-01	1.08884901442858e+01
3	4	23	24	5.18232950768453e-03	2.10439096969375e+03	1.93063415104572e-01	1.09056474179488e+01
4	5	24	25	5.17476206760387e-03	2.10439096969375e+03	1.93345599881859e-01	1.08897225653793e+01
1	2	22	23	3.28119344551778e-03	2.74029021636987e+03	3.04867157622491e-01	8.99142229676930e+00
2	3	23	24	3.29447938218323e-03	2.74029021636987e+03	3.03638096309866e-01	9.02782961902895e+00
3	4	24	25	3.28400687341567e-03	2.74029021636987e+03	3.04606061815854e-01	8.99913190571236e+00
1	2	23	24	3.28030930023877e-04	6.71571716413824e+03	3.04859301840900e+00	2.20296294712958e+00
2	3	24	25	3.32701820669676e-04	6.71571716413824e+03	3.00579440223429e+00	2.23433132761139e+00
1	2	24	25	-9.35787219950149e-04	-8.19204593489534e+04	1.06871899658479e+00	7.66601189111963e+01
0
