25
# x y z 
-40	-40	0
-20	-40	0
0	-40	0
20	-40	0
40	-40	0
-40	-20	0
-20	-20	0
0	-20	0
20	-20	0
40	-20	0
-40	0	0
-20	0	0
0	0	0
20	0	0
40	0	0
-40	20	0
-20	20	0
0	20	0
20	20	0
40	20	0
-40	40	0
-20	40	0
0	40	0
20	40	0
40	40	0
251
# a b m n r k err rhoa 
1	2	3	4	-2.62048550558124e-01	-3.76991118430775e+02	1.38160867437357e-02	9.87899761580707e+01
2	3	4	5	-2.62263449724353e-01	-3.76991118430775e+02	1.38129598350477e-02	9.88709912350972e+01
3	4	5	6	-5.11509410652782e-01	-1.99154561436872e+02	1.19549982447514e-02	1.01869432349388e+02
4	5	6	7	-4.47743837993547e-02	-2.19332546791530e+03	3.23341990474118e-02	9.82047962973389e+01
5	6	7	8	-5.10931763748512e-01	-1.99154561436872e+02	1.19572085177547e-02	1.01754391333502e+02
6	7	8	9	-2.65045073330043e-01	-3.76991118430775e+02	1.37729431731590e-02	9.99196386292597e+01
7	8	9	10	-2.62871250597386e-01	-3.76991118430775e+02	1.38041436548404e-02	9.91001267660051e+01
8	9	10	11	-5.08335351870008e-01	-1.99154561436872e+02	1.19672053031947e-02	1.01237304064529e+02
9	10	11	12	-4.47041837216533e-02	-2.19332546791530e+03	3.23692709887382e-02	9.80508246790668e+01
10	11	12	13	-5.08082275889034e-01	-1.99154561436872e+02	1.19681851689280e-02	1.01186902828528e+02
11	12	13	14	-2.67202682148131e-01	-3.76991118430775e+02	1.37424774031483e-02	1.00733037990727e+02
12	13	14	15	-2.63908242471707e-01	-3.76991118430775e+02	1.37891957849979e-02	9.94910634925090e+01
13	14	15	16	-5.07144509975708e-01	-1.99154561436872e+02	1.19718245595282e-02	1.01000142469330e+02
14	15	16	17	-4.45345347308717e-02	-2.19332546791530e+03	3.24544840547485e-02	9.76787292269794e+01
15	16	17	18	-5.07970950410031e-01	-1.99154561436872e+02	1.19686165108316e-02	1.01164731851581e+02
16	17	18	19	-2.64083205309955e-01	-3.76991118430775e+02	1.37866853320956e-02	9.95570229285839e+01
17	18	19	20	-2.62699352998495e-01	-3.76991118430775e+02	1.38066329002559e-02	9.90353228979436e+01
18	19	20	21	-5.09727893570233e-01	-1.99154561436872e+02	1.19618310330161e-02	1.01514635096120e+02
19	20	21	22	-4.43603107777440e-02	-2.19332546791530e+03	3.25426734499279e-02	9.72965993934635e+01
20	21	22	23	-5.10544449735426e-01	-1.99154561436872e+02	1.19586933136149e-02	1.01677255981088e+02
21	22	23	24	-2.62820016127152e-01	-3.76991118430775e+02	1.38048852394720e-02	9.90808118257694e+01
22	23	24	25	-2.63243102223489e-01	-3.76991118430775e+02	1.37987700021519e-02	9.92403115264200e+01
1	2	4	5	-6.51717289500590e-02	-1.50796447372310e+03	2.53440765821373e-02	9.82766519478002e+01
2	3	5	6	-3.48917800885744e-01	-2.94598062734519e+02	1.28660045359149e-02	1.02790508194529e+02
3	4	6	7	-1.01612286675478e-01	-9.74837354861596e+02	1.98413295548965e-02	9.90554527641611e+01
4	5	7	8	-1.00369569328547e-01	-9.74837354861596e+02	1.99631791457292e-02	9.78440054728383e+01
5	6	8	9	-3.48063798880924e-01	-2.94598062734519e+02	1.28730365042706e-02	1.02538920858337e+02
6	7	9	10	-6.53768764405066e-02	-1.50796447372310e+03	2.52959280780263e-02	9.85860070752687e+01
7	8	10	11	-3.46641566590938e-01	-2.94598062734519e+02	1.28848242576173e-02	1.02119933980949e+02
8	9	11	12	-1.02384818789204e-01	-9.74837354861596e+02	1.97670730077558e-02	9.98085459264514e+01
9	10	12	13	-1.01683175821177e-01	-9.74837354861596e+02	1.98344686023441e-02	9.91245581514428e+01
10	11	13	14	-3.45241204012806e-01	-2.94598062734519e+02	1.28965256417160e-02	1.01707389878305e+02
11	12	14	15	-6.53050788358921e-02	-1.50796447372310e+03	2.53127447026432e-02	9.84777388382116e+01
12	13	15	16	-3.46317837861791e-01	-2.94598062734519e+02	1.28875209148166e-02	1.02024564124491e+02
13	14	16	17	-1.01938580388790e-01	-9.74837354861596e+02	1.98098285868416e-02	9.93735360645542e+01
14	15	17	18	-1.00991930426072e-01	-9.74837354861596e+02	1.99017812193621e-02	9.84507063189183e+01
15	16	18	19	-3.44944253765489e-01	-2.94598062734519e+02	1.28990191576864e-02	1.01619908910717e+02
16	17	19	20	-6.51370350784383e-02	-1.50796447372310e+03	2.53522492817764e-02	9.82243348219403e+01
17	18	20	21	-3.46880318785720e-01	-2.94598062734519e+02	1.28828386790596e-02	1.02190269915005e+02
18	19	21	22	-1.00562708769239e-01	-9.74837354861596e+02	1.99440439924376e-02	9.80322850143219e+01
19	20	22	23	-1.00935932334536e-01	-9.74837354861596e+02	1.99072746134217e-02	9.83961172874881e+01
20	21	23	24	-3.48447687975651e-01	-2.94598062734519e+02	1.28698712446899e-02	1.02652013841949e+02
21	22	24	25	-6.51257812095564e-02	-1.50796447372310e+03	2.53549021820142e-02	9.82073643874745e+01
1	2	5	6	-3.07240460990857e-01	-3.34010732168004e+02	1.32547796497082e-02	1.02621611327191e+02
2	3	6	7	-2.42414574115132e-02	-3.80798727263391e+03	5.12516451888351e-02	9.23111612931393e+01
3	4	7	8	-2.20938689933144e-02	-3.80798727263391e+03	5.52614252534312e-02	8.41331719297823e+01
4	5	8	9	-2.13833604032752e-02	-3.80798727263391e+03	5.67653344067864e-02	8.14275642618159e+01
5	6	9	10	-3.05179742952657e-01	-3.34010732168004e+02	1.32767574620938e-02	1.01933309386460e+02
6	7	10	11	-3.04121720572571e-01	-3.34010732168004e+02	1.32881571172138e-02	1.01579918556638e+02
7	8	11	12	-2.23780310598183e-02	-3.80798727263391e+03	5.46866838877343e-02	8.52152574623945e+01
8	9	12	13	-2.28431870785016e-02	-3.80798727263391e+03	5.37767285520824e-02	8.69865656613295e+01
9	10	13	14	-2.45072147134283e-02	-3.80798727263391e+03	5.08043105548044e-02	9.33231617164415e+01
10	11	14	15	-3.06904534139375e-01	-3.34010732168004e+02	1.32583422164296e-02	1.02509408153573e+02
11	12	15	16	-3.05348206146774e-01	-3.34010732168004e+02	1.32749496472212e-02	1.01989577901271e+02
12	13	16	17	-2.33181725494994e-02	-3.80798727263391e+03	5.28850072996594e-02	8.87953042895752e+01
13	14	17	18	-2.54426764827850e-02	-3.80798727263391e+03	4.93040410145772e-02	9.68853882281874e+01
14	15	18	19	-2.42569535078188e-02	-3.80798727263391e+03	5.12252923549393e-02	9.23701702306465e+01
15	16	19	20	-3.05874987369463e-01	-3.34010732168004e+02	1.32693094933981e-02	1.02165528483153e+02
16	17	20	21	-3.07419345704879e-01	-3.34010732168004e+02	1.32528857209917e-02	1.02681360741495e+02
17	18	21	22	-2.40864231510148e-02	-3.80798727263391e+03	5.15171648247767e-02	9.17207928023392e+01
18	19	22	23	-2.52543228550080e-02	-3.80798727263391e+03	4.95971812723419e-02	9.61681400108582e+01
19	20	23	24	-2.41718923324266e-02	-3.80798727263391e+03	5.13703646469788e-02	9.20462583573577e+01
20	21	24	25	-3.08365115856351e-01	-3.34010732168004e+02	1.32429089692034e-02	1.02997258122251e+02
1	2	6	7	4.68811222416493e-01	2.14521364906759e+02	1.21330547396999e-02	1.00570023316392e+02
2	3	7	8	4.66585366575691e-01	2.14521364906759e+02	1.21432305246499e-02	1.00092529683338e+02
3	4	8	9	4.66004526103863e-01	2.14521364906759e+02	1.21459019043457e-02	9.99679269925281e+01
4	5	9	10	4.65231650712419e-01	2.14521364906759e+02	1.21494668268349e-02	9.98021287086527e+01
5	6	10	11	1.24279391048113e+00	8.23272181495264e+01	1.08046386384472e-02	1.02315765383083e+02
6	7	11	12	4.66913851586517e-01	2.14521364906759e+02	1.21417227109500e-02	1.00162996736212e+02
7	8	12	13	4.65496013048737e-01	2.14521364906759e+02	1.21482461116059e-02	9.98588400778696e+01
8	9	13	14	4.66778082585356e-01	2.14521364906759e+02	1.21423456612643e-02	1.00133871384770e+02
9	10	14	15	4.70832774462557e-01	2.14521364906759e+02	1.21238963263368e-02	1.01003689420544e+02
10	11	15	16	1.24221513182223e+00	8.23272181495264e+01	1.08050135394286e-02	1.02268116146171e+02
11	12	16	17	4.68390214962572e-01	2.14521364906759e+02	1.21349720127691e-02	1.00479708222741e+02
12	13	17	18	4.68025581293368e-01	2.14521364906759e+02	1.21366353463769e-02	1.00401486510333e+02
13	14	18	19	4.67668298211103e-01	2.14521364906759e+02	1.21382676649778e-02	1.00324841655867e+02
14	15	19	20	4.67763657559322e-01	2.14521364906759e+02	1.21378317529364e-02	1.00345298273404e+02
15	16	20	21	1.24356512849244e+00	8.23272181495264e+01	1.08041396281450e-02	1.02379257616541e+02
16	17	21	22	4.69498837109165e-01	2.14521364906759e+02	1.21299307281724e-02	1.00717531358794e+02
17	18	22	23	4.69007962159218e-01	2.14521364906759e+02	1.21321599646117e-02	1.00612228194533e+02
18	19	23	24	4.68669258585827e-01	2.14521364906759e+02	1.21337008597863e-02	1.00539569041670e+02
19	20	24	25	4.68700616983449e-01	2.14521364906759e+02	1.21335581046084e-02	1.00546296087930e+02
1	2	7	8	-2.51611284745322e-02	-3.80798727263391e+03	4.97438453927926e-02	9.58132569961253e+01
2	3	8	9	-2.30261221859359e-02	-3.80798727263391e+03	5.34289365758160e-02	8.76831802221573e+01
3	4	9	10	-2.16842228474862e-02	-3.80798727263391e+03	5.61164786505562e-02	8.25732446201849e+01
4	5	10	11	-2.82163797387543e-01	-3.62522986447818e+02	1.35440407637644e-02	1.02290862496389e+02
5	6	11	12	-2.81871381055457e-01	-3.62522986447818e+02	1.35477173888869e-02	1.02184854854395e+02
6	7	12	13	-2.45811597970320e-02	-3.80798727263391e+03	5.06815629635483e-02	9.36047436536783e+01
7	8	13	14	-2.38132142927843e-02	-3.80798727263391e+03	5.19934909964260e-02	9.06804169474266e+01
8	9	14	15	-2.50939632326188e-02	-3.80798727263391e+03	4.98502217736628e-02	9.55574926097557e+01
9	10	15	16	-2.83908789034206e-01	-3.62522986447818e+02	1.35222579878621e-02	1.02923462079464e+02
10	11	16	17	-2.82588644522557e-01	-3.62522986447818e+02	1.35387126106554e-02	1.02444879348558e+02
11	12	17	18	-2.43914314871641e-02	-3.80798727263391e+03	5.09980037672757e-02	9.28822606644430e+01
12	13	18	19	-2.55395599377492e-02	-3.80798727263391e+03	4.91549424671931e-02	9.72543191916199e+01
13	14	19	20	-2.42323418304707e-02	-3.80798727263391e+03	5.12671629921694e-02	9.22764492765468e+01
14	15	20	21	-2.82408127972186e-01	-3.62522986447818e+02	1.35409745717322e-02	1.02379437949614e+02
15	16	21	22	-2.83948320055335e-01	-3.62522986447818e+02	1.35217676223797e-02	1.02937792983301e+02
16	17	22	23	-2.35766841499626e-02	-3.80798727263391e+03	5.24147854566558e-02	8.97797131739673e+01
17	18	23	24	-2.46148555997931e-02	-3.80798727263391e+03	5.06258731011368e-02	9.37330568417337e+01
18	19	24	25	-2.37445238947727e-02	-3.80798727263391e+03	5.21149737274853e-02	9.04188447860463e+01
1	2	8	9	-1.00880632543559e-01	-9.74837354861596e+02	1.99127054895122e-02	9.83422089855277e+01
2	3	9	10	-1.00917453588313e-01	-9.74837354861596e+02	1.99090887100604e-02	9.83781035153989e+01
3	4	10	11	-2.76207213516875e-01	-3.73891767116521e+02	1.36204702522692e-02	1.03271603152155e+02
4	5	11	12	-1.69302353338661e-02	-5.59500223701100e+03	6.90659243820236e-02	9.47247045661035e+01
5	6	12	13	-2.73015912873717e-01	-3.73891767116521e+02	1.36627901629402e-02	1.02078402115284e+02
6	7	13	14	-1.01558589194445e-01	-9.74837354861596e+02	1.98465330006248e-02	9.90031064537882e+01
7	8	14	15	-1.01697513875972e-01	-9.74837354861596e+02	1.98330820674690e-02	9.91385354228530e+01
8	9	15	16	-2.72499899423295e-01	-3.73891767116521e+02	1.36697261250971e-02	1.01885468934450e+02
9	10	16	17	-1.70093451065284e-02	-5.59500223701100e+03	6.87912111687467e-02	9.51673239211185e+01
10	11	17	18	-2.73442032049633e-01	-3.73891767116521e+02	1.36570822433710e-02	1.02237724566970e+02
11	12	18	19	-1.01640081556922e-01	-9.74837354861596e+02	1.98386383076637e-02	9.90825482528667e+01
12	13	19	20	-1.01101822123695e-01	-9.74837354861596e+02	1.98910185691464e-02	9.85578328507504e+01
13	14	20	21	-2.72623964047451e-01	-3.73891767116521e+02	1.36680561207963e-02	1.01931855676012e+02
14	15	21	22	-1.68651053535037e-02	-5.59500223701100e+03	6.92940262772952e-02	9.43603021802794e+01
15	16	22	23	-2.74751248331351e-01	-3.73891767116521e+02	1.36396558926422e-02	1.02727229756079e+02
16	17	23	24	-1.01166440936877e-01	-9.74837354861596e+02	1.98847008033420e-02	9.86208256836670e+01
17	18	24	25	-1.01011176293014e-01	-9.74837354861596e+02	1.98998946126436e-02	9.84694679089401e+01
1	2	9	10	-4.44373128050841e-02	-2.19332546791530e+03	3.25036109718495e-02	9.74654899011097e+01
2	3	10	11	-1.85674803445365e-01	-5.59385374796071e+02	1.53857603802136e-02	1.03863769515472e+02
3	4	11	12	-1.26695734958474e-02	-7.19850699120485e+03	8.89292552213981e-02	9.12020133854412e+01
4	5	12	13	-1.26854925524114e-02	-7.19850699120485e+03	8.88302067001654e-02	9.13166068254105e+01
5	6	13	14	-1.84520716827975e-01	-5.59385374796071e+02	1.54194456708743e-02	1.03218190340457e+02
6	7	14	15	-4.46954448052356e-02	-2.19332546791530e+03	3.23736446601570e-02	9.80316573911259e+01
7	8	15	16	-1.84328657133592e-01	-5.59385374796071e+02	1.54250924167220e-02	1.03110754956331e+02
8	9	16	17	-1.27821156756584e-02	-7.19850699120485e+03	8.82343099823723e-02	9.20121490536161e+01
9	10	17	18	-1.28368563871651e-02	-7.19850699120485e+03	8.79006923377166e-02	9.24062004481006e+01
10	11	18	19	-1.84005213372565e-01	-5.59385374796071e+02	1.54346286263925e-02	1.02929825246843e+02
11	12	19	20	-4.45610839968850e-02	-2.19332546791530e+03	3.24411057879540e-02	9.77369604082808e+01
12	13	20	21	-1.84495567183434e-01	-5.59385374796071e+02	1.54201844264678e-02	1.03204121997119e+02
13	14	21	22	-1.26375496684247e-02	-7.19850699120485e+03	8.91292636814342e-02	9.09714896398538e+01
14	15	22	23	-1.25612859179934e-02	-7.19850699120485e+03	8.96096837957928e-02	9.04225044991986e+01
15	16	23	24	-1.85457520551344e-01	-5.59385374796071e+02	1.53920703621353e-02	1.03742224642364e+02
16	17	24	25	-4.43767189580649e-02	-2.19332546791530e+03	3.25343383530671e-02	9.73325878732435e+01
1	2	10	11	-1.06756826278936e-01	-9.93557489660722e+02	1.93670825075596e-02	1.06069044321845e+02
2	3	11	12	3.41353159598775e-02	3.07443166266406e+03	3.92951733968244e-02	1.04946696202089e+02
3	4	12	13	3.40393175089516e-02	3.07443166266406e+03	3.93777923055309e-02	1.04651555524996e+02
4	5	13	14	3.44300776228839e-02	3.07443166266406e+03	3.90443725092084e-02	1.05852920791775e+02
5	6	14	15	-1.06155541439029e-01	-9.93557489660722e+02	1.94201394147130e-02	1.05471633265736e+02
6	7	15	16	-1.05580135087532e-01	-9.93557489660722e+02	1.94714786940833e-02	1.04899933975608e+02
7	8	16	17	3.39518261933466e-02	3.07443166266406e+03	3.94534966780658e-02	1.04382569454092e+02
8	9	17	18	3.34485230655105e-02	3.07443166266406e+03	3.98966862614966e-02	1.02835198381954e+02
9	10	18	19	3.39563154137782e-02	3.07443166266406e+03	3.94496027562000e-02	1.04396371255527e+02
10	11	19	20	-1.05767094628425e-01	-9.93557489660722e+02	1.94547364046743e-02	1.05085689027726e+02
11	12	20	21	-1.06387512752660e-01	-9.93557489660722e+02	1.93995993902489e-02	1.05702110101781e+02
12	13	21	22	3.41134700059323e-02	3.07443166266406e+03	3.93139337577239e-02	1.04879532309579e+02
13	14	22	23	3.40762273422602e-02	3.07443166266406e+03	3.93459716052497e-02	1.04765032285183e+02
14	15	23	24	3.41889129194377e-02	3.07443166266406e+03	3.92492482096868e-02	1.05111476391583e+02
15	16	24	25	-1.07274939583705e-01	-9.93557489660722e+02	1.93218416517468e-02	1.06583819676292e+02
1	2	11	12	8.59110214933017e-02	1.19030370920122e+03	2.16399500624954e-02	1.02260207544743e+02
2	3	12	13	8.56919091991955e-02	1.19030370920122e+03	2.16697131543125e-02	1.01999397368336e+02
3	4	13	14	8.56184859749672e-02	1.19030370920122e+03	2.16797206656092e-02	1.01912001432196e+02
4	5	14	15	8.60622777897160e-02	1.19030370920122e+03	2.16194926009673e-02	1.02440248475405e+02
5	6	15	16	4.66245727202182e-01	2.25420155596099e+02	1.21447917732152e-02	1.05101184371932e+02
6	7	16	17	8.57236444017739e-02	1.19030370920122e+03	2.16653929843807e-02	1.02037171897678e+02
7	8	17	18	8.58268152124241e-02	1.19030370920122e+03	2.16513702334750e-02	1.02159976496276e+02
8	9	18	19	8.52344307580297e-02	1.19030370920122e+03	2.17323479620446e-02	1.01454859082937e+02
9	10	19	20	8.57383320427244e-02	1.19030370920122e+03	2.16633946121285e-02	1.02054654651180e+02
10	11	20	21	4.66248715019131e-01	2.25420155596099e+02	1.21447780289517e-02	1.05101857886094e+02
11	12	21	22	8.63659380540986e-02	1.19030370920122e+03	2.15786387843505e-02	1.02801696414436e+02
12	13	22	23	8.54720642196096e-02	1.19030370920122e+03	2.16997291352485e-02	1.01737715073686e+02
13	14	23	24	8.54007872631245e-02	1.19030370920122e+03	2.17094939291244e-02	1.01652873848001e+02
14	15	24	25	8.59213830819907e-02	1.19030370920122e+03	2.16385463563331e-02	1.02272540982192e+02
1	2	12	13	3.40237115694438e-02	3.07443166266406e+03	3.93912672625078e-02	1.04603576130447e+02
2	3	13	14	3.40301142498900e-02	3.07443166266406e+03	3.93857373694604e-02	1.04623260733937e+02
3	4	14	15	3.42460092546207e-02	3.07443166266406e+03	3.92004826771187e-02	1.05287015172292e+02
4	5	15	16	-7.60901196091815e-02	-1.42011077115822e+03	2.31423107906290e-02	1.08056398435716e+02
5	6	16	17	-7.55576250623764e-02	-1.42011077115822e+03	2.32349316058366e-02	1.07300197194215e+02
6	7	17	18	3.37410427811763e-02	3.07443166266406e+03	3.96374953935297e-02	1.03734530257751e+02
7	8	18	19	3.36355730397432e-02	3.07443166266406e+03	3.97304285203769e-02	1.03410270745236e+02
8	9	19	20	3.39616624345645e-02	3.07443166266406e+03	3.94449661269305e-02	1.04412810305534e+02
9	10	20	21	-7.55353408664620e-02	-1.42011077115822e+03	2.32388361332464e-02	1.07268551167570e+02
10	11	21	22	-7.62445174369051e-02	-1.42011077115822e+03	2.31156971493397e-02	1.08275660453909e+02
11	12	22	23	3.40886928880109e-02	3.07443166266406e+03	3.93352403767791e-02	1.04803356753732e+02
12	13	23	24	3.40363356123929e-02	3.07443166266406e+03	3.93803660707791e-02	1.04642387887801e+02
13	14	24	25	3.41952174855430e-02	3.07443166266406e+03	3.92438555310484e-02	1.05130859349237e+02
1	2	13	14	-1.27647328870367e-02	-7.19850699120485e+03	8.83408480889996e-02	9.18870189281962e+01
2	3	14	15	-1.27354496567620e-02	-7.19850699120485e+03	8.85209809587713e-02	9.16762233903387e+01
3	4	15	16	-1.12994361045615e-01	-9.28723109926239e+02	1.88499991570049e-02	1.04940474394412e+02
4	5	16	17	-3.98097255420898e-03	-2.11356609033446e+04	2.61194899332508e-01	8.41404859712828e+01
5	6	17	18	-1.12528757215245e-01	-9.28723109926239e+02	1.88866172945214e-02	1.04508057357077e+02
6	7	18	19	-1.28216103816887e-02	-7.19850699120485e+03	8.79933230094216e-02	9.22964519710908e+01
7	8	19	20	-1.29170770621180e-02	-7.19850699120485e+03	8.74168951064561e-02	9.29836695375883e+01
8	9	20	21	-1.12250702603692e-01	-9.28723109926239e+02	1.89086302072474e-02	1.04249821613506e+02
9	10	21	22	-3.98562695359272e-03	-2.11356609033446e+04	2.60901554923142e-01	8.42388597783663e+01
10	11	22	23	-1.12953911405696e-01	-9.28723109926239e+02	1.88531684078500e-02	1.04902907879031e+02
11	12	23	24	-1.27340748998898e-02	-7.19850699120485e+03	8.85294579984490e-02	9.16663271933830e+01
12	13	24	25	-1.24761408766270e-02	-7.19850699120485e+03	9.01529904069467e-02	8.98095873236561e+01
1	2	14	15	-1.69353759234962e-02	-5.59500223701100e+03	6.90479954219733e-02	9.47534661765834e+01
2	3	15	16	-9.64591595523923e-02	-1.09195913662274e+03	2.03670818265511e-02	1.05329460584185e+02
3	4	16	17	3.08978547964500e-03	4.53631779393190e+04	3.33647064363476e-01	1.40162488507460e+02
4	5	17	18	3.18638587517520e-03	4.53631779393190e+04	3.23835184806365e-01	1.44544589438905e+02
5	6	18	19	-9.59842558865916e-02	-1.09195913662274e+03	2.04183752925223e-02	1.04810885187298e+02
6	7	19	20	-1.70317683661960e-02	-5.59500223701100e+03	6.87138093061882e-02	9.52927821091198e+01
7	8	20	21	-9.60406867152040e-02	-1.09195913662274e+03	2.04122537458043e-02	1.04872505346189e+02
8	9	21	22	3.12770337180610e-03	4.53631779393190e+04	3.29723413995793e-01	1.41882564596648e+02
9	10	22	23	3.14797603690084e-03	4.53631779393190e+04	3.27664425738289e-01	1.42802197110645e+02
10	11	23	24	-9.63614827047855e-02	-1.09195913662274e+03	2.03775904223435e-02	1.05222801458004e+02
11	12	24	25	-1.69083695334665e-02	-5.59500223701100e+03	6.91423080753419e-02	9.46023653639537e+01
1	2	15	16	-6.07370006521578e-02	-1.77368686699007e+03	2.64644284252201e-02	1.07728420397100e+02
2	3	16	17	1.84117871943562e-02	5.77177684979201e+03	6.43130327025793e-02	1.06268727091682e+02
3	4	17	18	1.83759706408032e-02	5.77177684979201e+03	6.44188940844047e-02	1.06062001937046e+02
4	5	18	19	1.85153980469627e-02	5.77177684979201e+03	6.40091008285961e-02	1.06866745812144e+02
5	6	19	20	-6.03467480028626e-02	-1.77368686699007e+03	2.65709012182821e-02	1.07036234398237e+02
6	7	20	21	-6.03190038606122e-02	-1.77368686699007e+03	2.65785231186981e-02	1.06987024977491e+02
7	8	21	22	1.84504755490117e-02	5.77177684979201e+03	6.41991450216883e-02	1.06492027641439e+02
8	9	22	23	1.83483788605366e-02	5.77177684979201e+03	6.45007276992075e-02	1.05902748338458e+02
9	10	23	24	1.84441160950467e-02	5.77177684979201e+03	6.42178326598452e-02	1.06455322292267e+02
10	11	24	25	-6.07459215588516e-02	-1.77368686699007e+03	2.64620105241335e-02	1.07744243292144e+02
1	2	16	17	2.85457455741194e-02	3.67318147999718e+03	4.50314899781996e-02	1.04853703975567e+02
2	3	17	18	2.83307017818388e-02	3.67318147999718e+03	4.52973960087725e-02	1.04063809100373e+02
3	4	18	19	2.83784228948340e-02	3.67318147999718e+03	4.52380399610593e-02	1.04239097408832e+02
4	5	19	20	2.84735260024363e-02	3.67318147999718e+03	4.51203430131708e-02	1.04588428382367e+02
5	6	20	21	2.28994789262874e-01	4.71917562177235e+02	1.43669115931370e-02	1.08066662700225e+02
6	7	21	22	2.84962255951859e-02	3.67318147999718e+03	4.50923667648441e-02	1.04671808106058e+02
7	8	22	23	2.83819781309858e-02	3.67318147999718e+03	4.52336259081342e-02	1.04252156436422e+02
8	9	23	24	2.82907530527769e-02	3.67318147999718e+03	4.53472386590234e-02	1.03917070168634e+02
9	10	24	25	2.84335389280242e-02	3.67318147999718e+03	4.51697339726641e-02	1.04441548601197e+02
1	2	17	18	1.84395308085912e-02	5.77177684979201e+03	6.42313147975592e-02	1.06428857042053e+02
2	3	18	19	1.84419172254921e-02	5.77177684979201e+03	6.42242971689358e-02	1.06442630907876e+02
3	4	19	20	1.84502788317776e-02	5.77177684979201e+03	6.41997228940336e-02	1.06490892233462e+02
4	5	20	21	-3.61084264439538e-02	-3.11597373915425e+03	3.76943666197186e-02	1.12512908561543e+02
5	6	21	22	-3.60021680563794e-02	-3.11597373915425e+03	3.77761049955103e-02	1.12181810216296e+02
6	7	22	23	1.84076409735610e-02	5.77177684979201e+03	6.43252664171528e-02	1.06244796030482e+02
7	8	23	24	1.83784829129264e-02	5.77177684979201e+03	6.44114552184640e-02	1.06076502211127e+02
8	9	24	25	1.84478403069586e-02	5.77177684979201e+03	6.42068872757314e-02	1.06476817612364e+02
1	2	18	19	3.06739554747396e-03	4.53631779393190e+04	3.36009471071807e-01	1.39146810030336e+02
2	3	19	20	3.15566092674582e-03	4.53631779393190e+04	3.26890826743930e-01	1.43150808136127e+02
3	4	20	21	-5.35489011457201e-02	-2.01111916102527e+03	2.86745195252233e-02	1.07693221146006e+02
5	6	22	23	-5.35460331742275e-02	-2.01111916102527e+03	2.86755197485164e-02	1.07687453313584e+02
6	7	23	24	3.10558507524003e-03	4.53631779393190e+04	3.32000517059643e-01	1.40879208373807e+02
7	8	24	25	3.14404077233696e-03	4.53631779393190e+04	3.28062033036773e-01	1.42623681003995e+02
1	2	19	20	-4.00493815406000e-03	-2.11356609033446e+04	2.59691745922781e-01	8.46470147630792e+01
2	3	20	21	-5.17372217230414e-02	-2.07445732009891e+03	2.93284441393699e-02	1.07326658324943e+02
3	4	21	22	4.41072298704084e-03	2.68628686565530e+04	2.36720200506380e-01	1.18484672281317e+02
4	5	22	23	4.44195811786102e-03	2.68628686565530e+04	2.35125940737492e-01	1.19323737498010e+02
5	6	23	24	-5.16823970512167e-02	-2.07445732009891e+03	2.93489477473154e-02	1.07212926883155e+02
6	7	24	25	-4.00011640977382e-03	-2.11356609033446e+04	2.59992724600868e-01	8.45451040108839e+01
1	2	20	21	-3.72365231032999e-02	-2.91113043900604e+03	3.68553537403545e-02	1.08400375848768e+02
2	3	21	22	9.89122765771824e-03	1.09611608654795e+04	1.11099684953635e-01	1.08419337513329e+02
3	4	22	23	9.93949564027627e-03	1.09611608654795e+04	1.10608726658912e-01	1.08948410634800e+02
4	5	23	24	9.91977093974250e-03	1.09611608654795e+04	1.10808779363403e-01	1.08732205019226e+02
5	6	24	25	-3.72590271025360e-02	-2.91113043900604e+03	3.68391334333026e-02	1.08465887925944e+02
1	2	21	22	1.26486772728663e-02	8.41756387877499e+03	8.90596501458046e-02	1.06471048926362e+02
2	3	22	23	1.27175020514793e-02	8.41756387877499e+03	8.86317938815414e-02	1.07050385896779e+02
3	4	23	24	1.27238702913844e-02	8.41756387877499e+03	8.85924390220420e-02	1.07103990962976e+02
4	5	24	25	1.26354706436381e-02	8.41756387877499e+03	8.91422835130795e-02	1.06359881281210e+02
1	2	22	23	9.89244978323167e-03	1.09611608654795e+04	1.11087194973187e-01	1.08432733427680e+02
2	3	23	24	9.94311952274138e-03	1.09611608654795e+04	1.10572058669601e-01	1.08988132593458e+02
3	4	24	25	9.89489670996677e-03	1.09611608654795e+04	1.11062196939634e-01	1.08459554585249e+02
1	2	23	24	4.39131646078281e-03	2.68628686565530e+04	2.37722144129357e-01	1.17963357315368e+02
2	3	24	25	4.43484820699008e-03	2.68628686565530e+04	2.35486860728137e-01	1.19132744896124e+02
0
